-0.000530481
-0.000506639
-0.000539422
-0.000567436
-0.000532866
-0.000505447
-0.000481606
-0.000482798
-0.000497699
-0.000533462
-0.000609756
-0.000643134
-0.000587106
-0.000541806
-0.000509620
-0.000444651
-0.000425577
-0.000504851
-0.000586510
-0.000580549
-0.000615716
-0.000628233
-0.000499487
-0.000457764
-0.000487566
-0.000500679
-0.000575781
-0.000598431
-0.000585914
-0.000563860
-0.000500679
-0.000488758
-0.000489950
-0.000502467
-0.000529885
-0.000538230
-0.000533462
-0.000500679
-0.000488758
-0.000534654
-0.000593662
-0.000601411
-0.000595450
-0.000587106
-0.000523925
-0.000456572
-0.000445247
-0.000433326
-0.000452995
-0.000542402
-0.000596642
-0.000633597
-0.000619888
-0.000554323
-0.000523925
-0.000460148
-0.000432134
-0.000511408
-0.000539422
-0.000531077
-0.000573993
-0.000557303
-0.000543594
-0.000547171
-0.000491738
-0.000527501
-0.000579357
-0.000551939
-0.000582337
-0.000582337
-0.000504255
-0.000510216
-0.000514388
-0.000491142
-0.000529885
-0.000572205
-0.000587106
-0.000496507
-0.000458360
-0.000484586
-0.000441074
-0.000534654
-0.000592470
-0.000554323
-0.000597835
-0.000573397
-0.000514388
-0.000476241
-0.000480413
-0.000517964
-0.000509024
-0.000567436
-0.000607967
-0.000556707
-0.000531077
-0.000507236
-0.000470877
-0.000479817
-0.000544786
-0.000575781
-0.000597239
-0.000594258
-0.000540018
-0.000535846
-0.000474453
-0.000470877
-0.000545382
-0.000521541
-0.000639558
-0.000672936
-0.000455976
-0.000514388
-0.000551343
-0.000348687
-0.000511408
-0.000656247
-0.000510812
-0.000619888
-0.000597239
-0.000442863
-0.000544786
-0.000497699
-0.000464320
-0.000573993
-0.000575185
-0.000512004
-0.000557899
-0.000498891
-0.000475645
-0.000672340
-0.000452399
-0.000531673
-0.000670552
-0.000396967
-0.000589490
-0.000518560
-0.000447631
-0.000633597
-0.000480413
-0.000533462
-0.000613928
-0.000513792
-0.000483394
-0.000470877
-0.000470281
-0.000497699
-0.000552535
-0.000668764
-0.000764728
-0.000618100
-0.000523329
-0.000447631
-0.000224113
-0.000372529
-0.000603795
-0.000638962
-0.000773072
-0.000719428
-0.000447035
-0.000345707
-0.000356436
-0.000383258
-0.000545979
-0.000717640
-0.000751615
-0.000655055
-0.000513792
-0.000368953
-0.000313520
-0.000398159
-0.000541806
-0.000706911
-0.000715256
-0.000657439
-0.000523925
-0.000357628
-0.000396371
-0.000402927
-0.000520349
-0.000728965
-0.000689030
-0.000615716
-0.000577569
-0.000445843
-0.000371337
-0.000415444
-0.000489354
-0.000573993
-0.000609159
-0.000638366
-0.000566840
-0.000483394
-0.000534058
-0.000477433
-0.000461340
-0.000542402
-0.000568032
-0.000579953
-0.000558496
-0.000537038
-0.000515580
-0.000495911
-0.000488162
-0.000502467
-0.000551939
-0.000519156
-0.000527501
-0.000621080
-0.000581741
-0.000596642
-0.000621676
-0.000534058
-0.000544190
-0.000504255
-0.000464320
-0.000520945
-0.000501275
-0.000500083
-0.000527501
-0.000550151
-0.000566244
-0.000553727
-0.000574589
-0.000519753
-0.000492930
-0.000537634
-0.000506639
-0.000540018
-0.000550151
-0.000495911
-0.000501275
-0.000511408
-0.000512004
-0.000516772
-0.000563860
-0.000579357
-0.000575781
-0.000544190
-0.000473857
-0.000520349
-0.000517368
-0.000511408
-0.000588894
-0.000556111
-0.000577569
-0.000586510
-0.000500083
-0.000518560
-0.000512600
-0.000501275
-0.000534654
-0.000492334
-0.000509024
-0.000560284
-0.000561476
-0.000581741
-0.000574589
-0.000532269
-0.000511408
-0.000491142
-0.000472069
-0.000494719
-0.000520349
-0.000567436
-0.000615716
-0.000596642
-0.000562668
-0.000516772
-0.000455976
-0.000472665
-0.000490546
-0.000555515
-0.000646114
-0.000519753
-0.000547171
-0.000584722
-0.000460148
-0.000581145
-0.000479221
-0.000447035
-0.000650287
-0.000491738
-0.000540614
-0.000578761
-0.000443459
-0.000612736
-0.000523329
-0.000482798
-0.000604391
-0.000476837
-0.000568628
-0.000540018
-0.000433922
-0.000568032
-0.000519753
-0.000563860
-0.000576377
-0.000493526
-0.000559092
-0.000448227
-0.000523329
-0.000622869
-0.000471473
-0.000532269
-0.000523925
-0.000508428
-0.000570416
-0.000516772
-0.000576973
-0.000559092
-0.000567436
-0.000641942
-0.000473261
-0.000485182
-0.000522137
-0.000426769
-0.000619888
-0.000606775
-0.000483990
-0.000646710
-0.000525117
-0.000445247
-0.000584126
-0.000458956
-0.000525713
-0.000583529
-0.000494123
-0.000608563
-0.000488758
-0.000460744
-0.000524521
-0.000466108
-0.000635982
-0.000615120
-0.000525117
-0.000578165
-0.000504255
-0.000499487
-0.000527501
-0.000514388
-0.000515580
-0.000526905
-0.000581741
-0.000496507
-0.000473857
-0.000555515
-0.000491738
-0.000548959
-0.000609756
-0.000588894
-0.000625849
-0.000542402
-0.000528693
-0.000509024
-0.000397563
-0.000486970
-0.000507236
-0.000535250
-0.000655651
-0.000579357
-0.000597835
-0.000571012
-0.000442863
-0.000488162
-0.000448227
-0.000463724
-0.000553727
-0.000550747
-0.000594854
-0.000573397
-0.000554323
-0.000529885
-0.000476837
-0.000517368
-0.000468493
-0.000483990
-0.000581145
-0.000553727
-0.000591278
-0.000584722
-0.000528097
-0.000536442
-0.000484586
-0.000490546
-0.000485778
-0.000506043
-0.000593662
-0.000561476
-0.000585914
-0.000604987
-0.000519156
-0.000505447
-0.000494123
-0.000469089
-0.000521541
-0.000568032
-0.000557303
-0.000534654
-0.000540614
-0.000522137
-0.000516176
-0.000572205
-0.000531673
-0.000551343
-0.000576973
-0.000469685
-0.000520349
-0.000522733
-0.000475049
-0.000567436
-0.000566840
-0.000533462
-0.000523925
-0.000511408
-0.000538826
-0.000553727
-0.000612140
-0.000582337
-0.000502467
-0.000603199
-0.000469089
-0.000387430
-0.000598431
-0.000482202
-0.000496507
-0.000661612
-0.000574589
-0.000593662
-0.000554323
-0.000458956
-0.000538230
-0.000576973
-0.000571012
-0.000607967
-0.000601411
-0.000544786
-0.000530481
-0.000510812
-0.000454187
-0.000489950
-0.000526905
-0.000517964
-0.000573397
-0.000571609
-0.000529885
-0.000545382
-0.000532269
-0.000530481
-0.000506043
-0.000509620
-0.000579357
-0.000525713
-0.000513792
-0.000540018
-0.000498295
-0.000527501
-0.000539422
-0.000529885
-0.000529885
-0.000547767
-0.000560284
-0.000505447
-0.000494123
-0.000485778
-0.000517368
-0.000575185
-0.000550747
-0.000572205
-0.000582337
-0.000553131
-0.000516176
-0.000472069
-0.000504255
-0.000523925
-0.000548363
-0.000604391
-0.000590682
-0.000540018
-0.000500679
-0.000500679
-0.000514388
-0.000494123
-0.000532269
-0.000585318
-0.000557303
-0.000540614
-0.000518560
-0.000489354
-0.000506043
-0.000529885
-0.000526309
-0.000515580
-0.000544190
-0.000536442
-0.000530481
-0.000551939
-0.000540018
-0.000582337
-0.000581741
-0.000524521
-0.000506639
-0.000479221
-0.000486374
-0.000513196
-0.000559092
-0.000593066
-0.000558496
-0.000565648
-0.000541210
-0.000492930
-0.000512004
-0.000509024
-0.000555515
-0.000591874
-0.000556111
-0.000535250
-0.000516176
-0.000522137
-0.000493526
-0.000514984
-0.000545979
-0.000496507
-0.000565648
-0.000571012
-0.000485182
-0.000539422
-0.000553131
-0.000534058
-0.000579953
-0.000548363
-0.000520945
-0.000542402
-0.000529885
-0.000524521
-0.000540614
-0.000533462
-0.000508428
-0.000511408
-0.000511408
-0.000511408
-0.000553727
-0.000591874
-0.000548959
-0.000517368
-0.000541210
-0.000505447
-0.000504255
-0.000540018
-0.000531673
-0.000562668
-0.000574589
-0.000532269
-0.000488758
-0.000487566
-0.000520349
-0.000527501
-0.000556111
-0.000561476
-0.000541210
-0.000554919
-0.000535250
-0.000461936
-0.000502467
-0.000582933
-0.000547171
-0.000588894
-0.000599027
-0.000541210
-0.000548363
-0.000503063
-0.000478625
-0.000503063
-0.000547171
-0.000581145
-0.000570416
-0.000585318
-0.000582933
-0.000532269
-0.000518560
-0.000491142
-0.000451207
-0.000500083
-0.000523925
-0.000541210
-0.000593066
-0.000588894
-0.000552535
-0.000507832
-0.000510812
-0.000504255
-0.000493526
-0.000564456
-0.000573993
-0.000551343
-0.000565648
-0.000519156
-0.000461936
-0.000447035
-0.000471473
-0.000524521
-0.000553131
-0.000573397
-0.000563264
-0.000527501
-0.000538826
-0.000515580
-0.000497699
-0.000543594
-0.000565052
-0.000581741
-0.000551343
-0.000525117
-0.000559688
-0.000532866
-0.000520945
-0.000531673
-0.000506043
-0.000545979
-0.000586510
-0.000565648
-0.000535846
-0.000526309
-0.000539422
-0.000533462
-0.000516772
-0.000498295
-0.000520349
-0.000555515
-0.000544190
-0.000537634
-0.000553131
-0.000584126
-0.000561476
-0.000529885
-0.000519156
-0.000490546
-0.000514984
-0.000505447
-0.000502467
-0.000545382
-0.000542998
-0.000546575
-0.000522137
-0.000520945
-0.000563860
-0.000552535
-0.000540614
-0.000520349
-0.000496507
-0.000533462
-0.000527501
-0.000517964
-0.000576973
-0.000568628
-0.000524521
-0.000534654
-0.000537038
-0.000509024
-0.000507236
-0.000509620
-0.000530481
-0.000576377
-0.000599027
-0.000587106
-0.000535846
-0.000507832
-0.000473261
-0.000485778
-0.000531077
-0.000535846
-0.000571609
-0.000555515
-0.000528693
-0.000543594
-0.000525713
-0.000497103
-0.000492930
-0.000517368
-0.000512004
-0.000525713
-0.000568628
-0.000525713
-0.000527501
-0.000579953
-0.000526309
-0.000554919
-0.000594258
-0.000488162
-0.000501275
-0.000532866
-0.000489354
-0.000519156
-0.000550151
-0.000582933
-0.000547171
-0.000520349
-0.000527501
-0.000463724
-0.000504255
-0.000541210
-0.000520945
-0.000572205
-0.000559092
-0.000537634
-0.000561476
-0.000498891
-0.000476837
-0.000518560
-0.000546575
-0.000578761
-0.000545979
-0.000524521
-0.000510216
-0.000516772
-0.000537634
-0.000501275
-0.000541210
-0.000560284
-0.000553131
-0.000573397
-0.000527501
-0.000517964
-0.000520349
-0.000520349
-0.000537038
-0.000526905
-0.000564456
-0.000581741
-0.000545979
-0.000529885
-0.000489354
-0.000512600
-0.000545979
-0.000530481
-0.000583529
-0.000550747
-0.000544190
-0.000591874
-0.000499487
-0.000486970
-0.000484586
-0.000460148
-0.000520945
-0.000540018
-0.000596046
-0.000617504
-0.000562668
-0.000532269
-0.000457168
-0.000462532
-0.000509620
-0.000512600
-0.000594854
-0.000556707
-0.000516176
-0.000598431
-0.000528097
-0.000494123
-0.000501275
-0.000473857
-0.000551343
-0.000556707
-0.000571609
-0.000598431
-0.000537634
-0.000559092
-0.000521541
-0.000491142
-0.000565052
-0.000504255
-0.000516772
-0.000582337
-0.000545979
-0.000571012
-0.000534058
-0.000513196
-0.000522733
-0.000479221
-0.000547171
-0.000555515
-0.000535250
-0.000574589
-0.000524521
-0.000531673
-0.000540018
-0.000528693
-0.000576377
-0.000525713
-0.000519753
-0.000536442
-0.000517368
-0.000547171
-0.000500679
-0.000538230
-0.000572801
-0.000497699
-0.000545979
-0.000509024
-0.000478029
-0.000537634
-0.000492334
-0.000540614
-0.000563860
-0.000513792
-0.000581741
-0.000580549
-0.000515580
-0.000529289
-0.000537634
-0.000540614
-0.000529885
-0.000509620
-0.000500679
-0.000511408
-0.000573993
-0.000568628
-0.000548363
-0.000551343
-0.000588894
-0.000600815
-0.000531077
-0.000568628
-0.000525713
-0.000487566
-0.000545382
-0.000502467
-0.000557899
-0.000538826
-0.000474453
-0.000535250
-0.000542402
-0.000564456
-0.000548363
-0.000523329
-0.000520349
-0.000479817
-0.000501871
-0.000506639
-0.000483394
-0.000547171
-0.000599623
-0.000564456
-0.000542998
-0.000548363
-0.000505447
-0.000466704
-0.000483990
-0.000522733
-0.000578761
-0.000568032
-0.000563264
-0.000617504
-0.000566840
-0.000522733
-0.000519156
-0.000489354
-0.000497699
-0.000521541
-0.000540018
-0.000582933
-0.000599027
-0.000566840
-0.000553131
-0.000513792
-0.000441074
-0.000460744
-0.000511408
-0.000486374
-0.000591874
-0.000600219
-0.000578761
-0.000523329
-0.000354648
-0.000512600
-0.000249147
-0.000395775
-0.000903606
-0.000442266
-0.000566840
-0.000808835
-0.000424385
-0.000461340
-0.000469685
-0.000375509
-0.000523329
-0.000537038
-0.000580549
-0.000656843
-0.000454783
-0.000482202
-0.000544786
-0.000500083
-0.000610948
-0.000575185
-0.000591874
-0.000581741
-0.000507832
-0.000556707
-0.000495315
-0.000532269
-0.000637770
-0.000542998
-0.000546575
-0.000609159
-0.000550747
-0.000529885
-0.000560880
-0.000569224
-0.000516772
-0.000559092
-0.000561476
-0.000453591
-0.000504255
-0.000548959
-0.000558496
-0.000618100
-0.000563264
-0.000483990
-0.000509620
-0.000504255
-0.000491142
-0.000533462
-0.000506043
-0.000526905
-0.000591874
-0.000538826
-0.000522733
-0.000511408
-0.000488758
-0.000558496
-0.000521541
-0.000537038
-0.000597835
-0.000535250
-0.000566840
-0.000554919
-0.000520945
-0.000525713
-0.000547171
-0.000515580
-0.000510812
-0.000588894
-0.000501275
-0.000537634
-0.000544190
-0.000573993
-0.000505447
-0.000466704
-0.000713468
-0.000458956
-0.000476837
-0.000611544
-0.000364780
-0.000565052
-0.000587106
-0.000482202
-0.000664592
-0.000556707
-0.000448823
-0.000578761
-0.000529885
-0.000518560
-0.000621676
-0.000551343
-0.000500679
-0.000510216
-0.000478625
-0.000465512
-0.000491142
-0.000563860
-0.000586510
-0.000619888
-0.000619292
-0.000512600
-0.000481009
-0.000457168
-0.000472069
-0.000538826
-0.000558496
-0.000618100
-0.000613928
-0.000526905
-0.000502467
-0.000495911
-0.000529885
-0.000606775
-0.000612736
-0.000569820
-0.000519753
-0.000549555
-0.000576377
-0.000522733
-0.000486970
-0.000485182
-0.000671148
-0.000725985
-0.000507832
-0.000578165
-0.000575185
-0.000399351
-0.000439882
-0.000409484
-0.000454783
-0.000519156
-0.000566244
-0.000470877
-0.000370145
-0.000680685
-0.000432134
-0.000296235
-0.000672340
-0.000591874
-0.000523925
-0.000574589
-0.000645518
-0.000429153
-0.000517964
-0.000479817
-0.000256896
-0.000718236
-0.000281930
-0.000544786
-0.000916123
-0.000360608
-0.000874400
-0.000276566
-0.000161529
-0.001161098
-0.000178218
-0.000039339
-0.001029372
-0.000630617
-0.000369549
-0.000646710
-0.000577569
-0.000405908
-0.000444651
-0.000585318
-0.000568032
-0.000692606
-0.000715256
-0.000488162
-0.000543594
-0.000528097
-0.000311732
-0.000465512
-0.000579357
-0.000504851
-0.000692606
-0.000689030
-0.000489354
-0.000515580
-0.000545382
-0.000452995
-0.000466704
-0.000633001
-0.000600219
-0.000504255
-0.000627041
-0.000550151
-0.000379682
-0.000497103
-0.000513196
-0.000475049
-0.000634789
-0.000636578
-0.000572801
-0.000575781
-0.000498295
-0.000455379
-0.000500083
-0.000522137
-0.000496507
-0.000592470
-0.000620484
-0.000554919
-0.000564456
-0.000487566
-0.000464320
-0.000503659
-0.000561476
-0.000642538
-0.000595450
-0.000565648
-0.000541806
-0.000436902
-0.000470281
-0.000552535
-0.000530481
-0.000555515
-0.000566840
-0.000587702
-0.000567436
-0.000491738
-0.000555515
-0.000501275
-0.000487566
-0.000623465
-0.000517368
-0.000494719
-0.000579953
-0.000457168
-0.000499487
-0.000584722
-0.000508428
-0.000579953
-0.000581145
-0.000509620
-0.000517964
-0.000479221
-0.000520349
-0.000550747
-0.000575185
-0.000615716
-0.000517964
-0.000499487
-0.000519156
-0.000507832
-0.000536442
-0.000459552
-0.000531673
-0.000639558
-0.000532866
-0.000570416
-0.000537634
-0.000443459
-0.000527501
-0.000558496
-0.000599623
-0.000587106
-0.000581741
-0.000576973
-0.000478625
-0.000539422
-0.000541806
-0.000517368
-0.000573993
-0.000512600
-0.000542402
-0.000587106
-0.000545382
-0.000545979
-0.000526309
-0.000517368
-0.000510812
-0.000506043
-0.000537634
-0.000515580
-0.000530481
-0.000572205
-0.000532866
-0.000525713
-0.000510216
-0.000514388
-0.000542402
-0.000515580
-0.000560880
-0.000574589
-0.000497103
-0.000494719
-0.000523925
-0.000517964
-0.000562668
-0.000576377
-0.000538826
-0.000545979
-0.000556707
-0.000562668
-0.000528097
-0.000538230
-0.000543594
-0.000492334
-0.000560880
-0.000536442
-0.000461936
-0.000556707
-0.000553727
-0.000520349
-0.000575185
-0.000520945
-0.000520945
-0.000576973
-0.000512004
-0.000512600
-0.000537634
-0.000506043
-0.000585914
-0.000603795
-0.000518560
-0.000568032
-0.000560284
-0.000488758
-0.000542402
-0.000566244
-0.000513196
-0.000505447
-0.000540018
-0.000547171
-0.000563264
-0.000571012
-0.000560284
-0.000543594
-0.000529289
-0.000517964
-0.000514388
-0.000519753
-0.000496507
-0.000529885
-0.000531077
-0.000540614
-0.000579953
-0.000526309
-0.000574589
-0.000597835
-0.000521541
-0.000528097
-0.000532866
-0.000522733
-0.000532269
-0.000512600
-0.000535846
-0.000568032
-0.000541210
-0.000578165
-0.000554323
-0.000481606
-0.000526309
-0.000546575
-0.000553131
-0.000546575
-0.000530481
-0.000563264
-0.000538230
-0.000545382
-0.000530481
-0.000494719
-0.000573397
-0.000528693
-0.000530481
-0.000588894
-0.000516176
-0.000513196
-0.000524521
-0.000531673
-0.000581145
-0.000548959
-0.000501275
-0.000613332
-0.000487566
-0.000544190
-0.000556111
-0.000482202
-0.000635386
-0.000424981
-0.000694394
-0.000097752
-0.000175834
-0.000296831
-0.000289083
-0.002821088
-0.000620484
 0.001117587
-0.001512766
-0.000262856
-0.000024438
-0.001192689
-0.000246763
-0.000377893
-0.000810027
-0.000389218
-0.000512004
-0.000723600
-0.000466704
-0.000488758
-0.000506043
-0.000495315
-0.000554323
-0.000525713
-0.000532866
-0.000591874
-0.000629425
-0.000428557
-0.000458360
-0.000616908
-0.000502467
-0.000520349
-0.000583529
-0.000511408
-0.000490546
-0.000467300
-0.000425577
-0.000759363
-0.000621676
-0.000263453
-0.000746250
-0.000393987
-0.000224710
-0.000978708
-0.000599027
-0.000439286
-0.000688434
-0.000383854
-0.000557899
-0.000674725
-0.000391006
-0.000658631
-0.000671744
-0.000324845
-0.000653267
-0.000448227
-0.000404119
-0.000800490
-0.000352263
-0.000500679
-0.000634193
-0.000436306
-0.000666976
-0.000554323
-0.000524521
-0.000577569
-0.000484586
-0.000439882
-0.000459552
-0.000526309
-0.000694394
-0.000714064
-0.000311732
-0.000430942
-0.000690818
-0.000459552
-0.000651479
-0.000802875
-0.000494123
-0.000436306
-0.000468493
-0.000503063
-0.000496507
-0.000364780
-0.000646114
-0.000526309
-0.000340343
-0.000931621
-0.000646710
-0.000382662
-0.000639558
-0.000444055
-0.000450611
-0.000494719
-0.000718236
-0.000296235
-0.000942349
-0.001254082
 0.000773072
-0.000536442
-0.001403689
 0.000292659
-0.000650287
-0.000847578
-0.000104308
-0.000953674
-0.000517964
-0.000126958
-0.000947118
-0.000351071
-0.000587702
-0.000768900
-0.000054240
-0.000908375
-0.000676513
-0.000137091
-0.000904202
-0.000490546
-0.000184178
-0.000790358
-0.000562072
-0.000519753
-0.000464916
-0.000407696
-0.000693202
-0.000368357
-0.000618696
-0.000689030
-0.000312328
-0.000652075
-0.000824928
-0.000597239
-0.000447631
-0.000414848
-0.000397563
-0.000556111
-0.000593066
-0.000494719
-0.000670552
-0.000735521
-0.000483394
-0.000448823
-0.000549555
-0.000479221
-0.000540018
-0.000525117
-0.000631213
-0.000604987
-0.000271797
-0.000646114
-0.000839829
-0.000379682
-0.000459552
-0.000624061
-0.000453591
-0.000618100
-0.000689030
-0.000434518
-0.000584722
-0.000600815
-0.000380874
-0.000520349
-0.000579953
-0.000731349
-0.000653267
-0.000519753
-0.000691414
-0.000461936
-0.000522733
-0.000620484
-0.000674129
-0.000677705
-0.000352859
-0.000625253
-0.000618100
-0.000274181
-0.000547767
-0.000841022
-0.000512600
-0.000399351
-0.000867248
-0.000720024
-0.000387430
-0.000653863
-0.000712872
-0.000476241
-0.000568628
-0.000578761
-0.000634789
-0.000712276
-0.000588894
-0.000516176
-0.000485182
-0.000849962
-0.000382066
-0.000646114
-0.000784993
-0.000413060
-0.000633001
-0.000512600
-0.001276135
 0.000317693
-0.001066923
-0.000072122
-0.000802875
-0.001065135
 0.000220537
-0.002162457
 0.001453161
-0.003530979
 0.003166199
-0.003781319
 0.001269579
-0.000412464
-0.001875162
 0.036740303
-0.038698912
-0.033205748
 0.049373507
-0.006638765
-0.012446046
 0.015273094
-0.011274815
-0.017868280
 0.013343096
 0.004861355
-0.013419390
 0.007168055
-0.001578331
-0.003941059
 0.004264712
-0.003553033
-0.001161098
 0.001528263
-0.002563000
-0.000677109
 0.001173615
-0.002087951
-0.000047088
 0.000388622
-0.002149343
-0.000094175
-0.000180602
-0.001711845
 0.000016689
-0.000437498
-0.001089573
-0.000356436
-0.001077056
-0.000414848
-0.000319481
-0.001277924
-0.000625849
-0.000273585
-0.000753999
-0.000686049
-0.000488758
-0.000838041
-0.000696182
-0.000631213
-0.000903010
-0.000515580
-0.000562072
-0.000707507
-0.000516176
-0.000557899
-0.000632405
-0.000758171
-0.000405908
-0.000402331
-0.000967979
-0.000866652
-0.000496507
-0.000796318
-0.000941157
-0.000260472
-0.000899434
-0.000671148
-0.000270605
-0.001078844
 0.000531077
-0.000815392
-0.001882911
 0.000172853
-0.000651479
-0.001158714
-0.000820756
 0.000447035
-0.000849962
-0.001787543
 0.000915527
-0.001274347
-0.001242757
 0.001021624
-0.001596808
-0.001310706
 0.000507236
-0.000949502
-0.001232624
-0.000122786
-0.000891685
-0.000931025
-0.000028610
-0.001010299
-0.000802279
-0.000001192
-0.001222491
-0.000813603
-0.000055432
-0.001131296
-0.000439882
 0.000036955
-0.001080036
-0.000469685
-0.000588298
-0.001227260
-0.000051856
-0.000740886
-0.001121759
 0.000090003
-0.000907183
-0.000846982
-0.000339150
-0.001140237
-0.000348091
-0.000425577
-0.000673532
-0.000192523
-0.000800490
-0.000660419
-0.000718236
-0.000764132
-0.000436306
-0.000700951
-0.000277162
-0.000592470
-0.001188517
-0.000368953
-0.000525117
-0.000830889
-0.000206232
-0.000899434
-0.000935793
-0.000268221
-0.000697970
-0.000699759
-0.000591874
-0.000776649
-0.000773668
-0.000532269
-0.000498891
-0.000583529
-0.000473261
-0.000634789
-0.000678301
-0.000649095
-0.000677705
-0.000717044
-0.000722408
-0.000633001
-0.000615120
-0.000510216
-0.000573993
-0.000523329
-0.000640154
-0.000444055
-0.000599027
-0.001446605
 0.000356436
 0.000151992
-0.002758503
-0.000166297
 0.001000166
-0.002195835
-0.000808835
-0.000220537
-0.001184344
-0.000173450
-0.001326203
 0.000076294
 0.000311732
-0.002181530
 0.000278950
-0.000253916
-0.002023578
 0.000391006
-0.000549555
-0.001314878
 0.000048876
-0.000659227
-0.001011491
-0.000475645
-0.000403523
-0.000885129
-0.000696182
-0.000424981
-0.001370907
-0.000783801
 0.000180006
-0.000742674
-0.000505447
 0.000417233
-0.001112819
-0.001721382
 0.000309348
-0.000590682
-0.001966953
-0.000089407
-0.000084043
-0.000794530
 0.000221729
-0.000408888
-0.001713037
-0.000975728
-0.000443459
-0.001112223
-0.000873804
 0.000050068
 0.000076890
-0.000952482
-0.000243783
-0.000305176
-0.001491308
 0.000236630
-0.000440478
-0.001587868
-0.000517964
-0.001105070
-0.001073480
-0.000399351
-0.000365376
-0.000939965
-0.000911355
-0.000148416
-0.000627041
-0.000831485
-0.000145435
-0.000296831
-0.000687838
-0.000597239
-0.000755191
-0.000583529
-0.000696778
-0.000627041
-0.000005960
-0.000925660
-0.000752211
-0.000295639
-0.001260042
-0.001007915
-0.000343323
-0.000257492
-0.000615120
 0.000222325
 0.000018477
-0.001657605
-0.000888705
 0.000636578
 0.001058578
-0.001686215
-0.003119707
 0.000376105
-0.001304150
-0.000254512
-0.000134706
-0.001469851
 0.000635982
-0.002357960
 0.001544952
-0.003485680
 0.001955032
-0.002350211
-0.000257492
 0.000723004
-0.015969276
 0.017060637
 0.019763112
 0.088186264
 0.019873381
-0.151864886
-0.008012652
 0.047069192
-0.027802587
 0.001486540
 0.002489686
 0.003106594
-0.001663566
-0.004901290
-0.002393126
 0.004128814
-0.000921488
-0.005461574
 0.005664229
-0.002569556
-0.002729893
 0.002359748
-0.001438856
-0.001711845
 0.000882149
 0.000115633
-0.002446771
 0.001032352
-0.000451207
-0.001637936
 0.000636578
-0.002043843
 0.001259446
-0.002023578
 0.000653863
-0.001473427
-0.000445843
 0.000346303
-0.004402399
 0.015404224
-0.009642839
-0.018475652
-0.005472898
-0.034393668
-0.020906925
 0.043144226
 0.041599274
-0.010368228
 0.002105832
-0.002637506
-0.007961392
 0.007148385
-0.004131794
 0.001788735
-0.000004768
-0.001450181
 0.001028180
-0.001038909
-0.000478625
-0.000079274
-0.000239611
-0.001286268
 0.000780225
-0.001158118
-0.000779629
 0.001001954
-0.001713634
-0.000595450
 0.001249909
-0.001648664
 0.000401139
 0.000318289
-0.002691150
 0.001023412
 0.000043511
-0.001822710
 0.001153350
 0.000098348
-0.001507401
-0.000066161
-0.000533462
-0.000610352
 0.000051856
-0.000643134
-0.000329614
-0.000200868
 0.000005364
-0.000810623
-0.000636578
 0.000778437
-0.001225471
-0.001081824
 0.001109838
-0.000857115
-0.001335740
 0.001177788
-0.000548959
-0.001396537
 0.000844002
-0.001069307
-0.001129508
 0.000957847
-0.000935793
-0.000737309
 0.000723004
-0.000770688
-0.000645518
 0.001450181
-0.000695586
-0.003702641
-0.000854731
 0.001140833
-0.000296235
-0.000218749
-0.000061989
-0.000864267
-0.000290275
 0.000034571
-0.000854135
-0.000333190
-0.000060797
-0.000702739
-0.000244379
-0.000157952
-0.000612140
-0.000293255
-0.000231266
-0.000519156
-0.000401139
-0.000416636
-0.000493526
-0.000312924
-0.000228286
-0.000278950
-0.000301003
-0.000386834
-0.000507832
-0.000486970
-0.000416040
-0.000373125
-0.000297427
-0.000256300
-0.000305176
-0.000353456
-0.000395179
-0.000522137
-0.000500083
-0.000377297
-0.000314116
-0.000272989
-0.000371337
-0.000342727
-0.000385046
-0.000427365
-0.000369549
-0.000355244
-0.000275373
-0.000229478
 0.000086427
-0.000679493
-0.001382232
-0.000116229
-0.000195503
-0.000633597
 0.000339746
-0.000088215
-0.000415444
-0.000538230
-0.001022816
-0.000341535
-0.000486970
-0.000836253
-0.000340939
-0.000022054
-0.000830889
-0.001766086
 0.000113845
 0.001865029
-0.000222921
-0.001457334
 0.000197887
-0.000036359
 0.000140071
 0.000529289
-0.000869036
-0.001009703
-0.002211928
-0.000553727
 0.002792478
-0.000220537
-0.001452565
-0.000585318
-0.002664924
-0.000749230
 0.000199080
-0.000517368
 0.001158118
-0.000887513
-0.000516772
 0.000346303
-0.001067519
-0.001066923
-0.001816154
 0.001775622
 0.000423789
-0.001881719
 0.001869202
-0.002184510
-0.001385808
 0.001603365
-0.002358556
 0.001055598
 0.000794530
-0.001702905
 0.001155734
-0.001679063
-0.001012683
 0.000549555
-0.001896024
 0.000771284
 0.000218153
-0.001355410
 0.000669956
-0.000656247
-0.001198649
-0.000115633
-0.000166297
-0.002053380
-0.000993609
 0.002887249
-0.000603199
-0.001336932
 0.000844598
-0.002765656
-0.000028610
 0.001762509
-0.002779961
-0.000449419
 0.001785755
-0.000699162
-0.001014471
-0.001161695
 0.000544786
 0.001153946
-0.002883673
-0.001138449
 0.002101660
-0.000362396
-0.001476407
-0.000860095
-0.000206828
 0.000295043
-0.001153350
-0.000934005
 0.000773668
-0.000705123
-0.000792146
 0.000522733
-0.000690818
-0.000674725
 0.000132322
-0.000517368
-0.000399947
-0.000054836
-0.000682473
-0.000439286
-0.000365376
-0.000088811
-0.000533462
-0.000852346
 0.000759959
-0.001124740
-0.000849366
 0.001326799
-0.001564026
-0.000233650
 0.000206828
-0.001894236
 0.000980496
-0.000745654
-0.000607371
 0.000916123
-0.001727343
-0.000790954
 0.000336170
-0.000777245
-0.001102090
 0.001594424
-0.001446605
-0.001466870
 0.002437234
-0.002104044
-0.001150966
 0.001820326
-0.002027154
-0.000509620
 0.001235008
-0.003329515
 0.003095865
 0.003404021
-0.005446672
 0.000235438
 0.001263022
-0.003827214
 0.000051260
 0.000599623
-0.001708269
 0.001468062
 0.001205802
-0.002911091
-0.001080632
 0.001019835
