-0.000312924
-0.000078678
 0.000578761
 0.000352263
 0.000161529
-0.000149608
 0.000104904
 0.000248551
 0.000204444
 0.000274777
 0.000118017
 0.000107884
 0.000088215
 0.000115633
 0.000240207
 0.000143051
 0.000109673
 0.000321269
 0.000140667
 0.000025034
 0.000154972
 0.000140667
 0.000156760
 0.000122190
 0.000144243
 0.000168085
 0.000165701
 0.000218749
 0.000144243
 0.000191927
 0.000103712
 0.000143051
 0.000163317
-0.000054240
 0.000360608
 0.000131726
 0.000010729
 0.000380874
 0.000084043
 0.000107884
 0.000127554
 0.000135303
 0.000167489
 0.000125170
 0.000209808
 0.000162125
 0.000166893
 0.000140071
 0.000150800
 0.000205636
 0.000140071
 0.000131726
 0.000146031
 0.000142455
 0.000140667
 0.000111461
 0.000144839
 0.000151992
 0.000172853
 0.000150800
 0.000128746
 0.000172853
 0.000111461
 0.000158548
 0.000215769
 0.000127554
 0.000137091
 0.000162721
 0.000177026
 0.000105500
 0.000177026
 0.000162125
 0.000087619
 0.000235438
 0.000063777
 0.000269413
 0.000043511
 0.000196695
 0.000183582
 0.000020862
 0.000227094
-0.000099540
 0.001068711
-0.001263022
-0.000308752
 0.002830625
-0.000759959
-0.000797510
 0.000215769
 0.000251532
 0.000596046
 0.000028014
 0.000304580
-0.000037551
 0.000267029
 0.000091195
 0.000091791
 0.000249743
 0.000117421
 0.000252128
 0.000007749
 0.000191927
 0.000152588
 0.000151992
 0.000199676
 0.000102520
 0.000159144
 0.000134706
 0.000166893
 0.000115037
 0.000137687
 0.000182390
 0.000132322
 0.000126362
 0.000128746
 0.000186563
 0.000178218
 0.000138283
 0.000141859
 0.000119805
 0.000210404
 0.000212193
 0.000141263
 0.000137687
 0.000156760
 0.000153780
 0.000136495
 0.000247955
-0.000053644
 0.000075102
 0.000575185
 0.000091195
-0.000090003
 0.000174046
 0.000060201
 0.000230670
 0.000314116
 0.000088811
 0.000133514
 0.000131726
 0.000187755
 0.000143051
 0.000110269
 0.000310540
 0.000115633
 0.000075102
 0.000169873
 0.000121593
 0.000159144
 0.000168681
 0.000150800
 0.000133514
 0.000159740
 0.000172257
 0.000152588
 0.000122190
 0.000170469
 0.000119209
 0.000157356
 0.000020862
-0.000110269
 0.000455379
 0.000419617
 0.000054240
 0.000011921
 0.000019073
 0.000311732
 0.000159740
 0.000050664
 0.000226498
 0.000183582
 0.000172853
 0.000092387
 0.000112653
 0.000207424
 0.000177026
 0.000161529
 0.000140071
 0.000129938
 0.000201464
 0.000130534
 0.000045300
 0.000119805
 0.000158548
 0.000220537
 0.000135303
 0.000124574
 0.000243187
 0.000142455
 0.000095367
 0.000144243
 0.000172853
 0.000128150
 0.000173450
 0.000221729
 0.000155568
 0.000182390
 0.000203252
 0.000203848
 0.000030398
-0.000123978
 0.000262856
 0.000503659
 0.000087023
 0.000061393
 0.000023246
-0.000016689
 0.000428557
 0.000196099
 0.000101328
 0.000108480
 0.000062585
 0.000257492
 0.000097752
 0.000252128
 0.000144243
 0.000051856
 0.000178814
 0.000085235
 0.000213981
 0.000145435
 0.000140667
 0.000143051
 0.000143051
 0.000233054
 0.000072718
 0.000046492
 0.000115037
 0.000218153
 0.000236630
 0.000165105
 0.000150800
 0.000036359
 0.000106692
 0.000202060
 0.000203252
 0.000107884
 0.000056624
 0.000311732
 0.000250340
-0.000026226
 0.000053644
 0.000238419
 0.000186563
 0.000157952
 0.000132322
 0.000191331
 0.000123382
 0.000051260
 0.000184178
 0.000202060
 0.000252128
 0.000069737
 0.000309944
-0.000378489
 0.000053048
 0.001294613
-0.000208020
-0.000392199
 0.000076294
 0.000388622
 0.000464320
-0.000094771
 0.000228286
 0.000002980
 0.000217557
 0.000175834
 0.000085831
 0.000287294
 0.000057220
 0.000167489
 0.000084639
 0.000196695
 0.000193119
 0.000100136
 0.000106692
 0.000143051
 0.000184178
 0.000153184
 0.000172853
 0.000076294
 0.000203252
 0.000061989
 0.000281930
 0.000095963
 0.000103712
 0.000228286
-0.000348687
 0.000906587
 0.000447631
-0.000573397
 0.000109673
 0.000300407
 0.000526905
-0.000042319
 0.000076294
 0.000203252
 0.000166297
 0.000333786
-0.000009537
 0.000290871
 0.000147820
 0.000111461
 0.000203848
 0.000097156
 0.000201464
 0.000050664
 0.000202656
 0.000190139
 0.000147820
 0.000182986
 0.000109673
 0.000211596
 0.000083447
 0.000211596
 0.000099540
 0.000249147
 0.000075698
-0.000061393
 0.000481009
-0.000362396
 0.000631809
 0.000780225
-0.000690222
 0.000085831
 0.000266433
 0.000488162
 0.000147223
-0.000109673
 0.000297427
 0.000132918
 0.000312924
 0.000059605
 0.000149012
 0.000131726
 0.000067353
 0.000273585
 0.000134706
 0.000181794
 0.000126958
 0.000193715
 0.000174642
 0.000070930
 0.000153780
 0.000168085
 0.000173450
 0.000134110
 0.000170469
 0.000205636
 0.000206828
 0.000046492
 0.000026822
 0.000307560
 0.000178218
 0.000052452
 0.000450015
 0.000406504
-0.000377893
-0.000156760
 0.000506639
 0.000316501
 0.000209808
 0.000085235
 0.000147223
 0.000156760
 0.000040531
 0.000186563
 0.000147223
 0.000186563
 0.000156760
 0.000152588
 0.000160933
 0.000062585
 0.000146031
 0.000156164
 0.000075102
 0.000198483
 0.000234842
 0.000143647
 0.000084639
 0.000186563
 0.000184178
-0.000197291
 0.000602603
 0.000526905
-0.000567436
 0.000093579
 0.000423193
 0.000333786
 0.000104308
-0.000011325
 0.000166893
 0.000083447
 0.000337362
 0.000075102
 0.000204444
 0.000295639
-0.000050068
 0.000162125
 0.000118613
 0.000181794
 0.000221133
 0.000101328
 0.000137687
 0.000151396
 0.000178814
 0.000120997
 0.000154972
 0.000162125
 0.000153184
 0.000171661
 0.000136495
 0.000130534
 0.000097752
 0.000080466
 0.000129938
 0.000312328
 0.000137687
-0.000039339
 0.000274777
 0.000196695
 0.000114441
 0.000177622
 0.000135899
 0.000185966
 0.000069141
 0.000258088
 0.000194311
 0.000003576
 0.000219345
 0.000134110
 0.000178814
 0.000177026
 0.000081658
 0.000189543
 0.000132918
 0.000144243
 0.000209808
 0.000143647
 0.000053644
 0.000064373
 0.000210404
 0.000289083
 0.000200272
-0.000143051
 0.000183582
 0.000748038
-0.000291467
-0.000499487
 0.000625849
 0.000622869
-0.000001192
-0.000216961
 0.000160933
 0.000289679
 0.000246167
 0.000068545
 0.000014305
 0.000280142
 0.000134706
 0.000154376
 0.000159144
 0.000102520
 0.000202060
 0.000162125
 0.000144839
 0.000128746
 0.000137091
 0.000132918
 0.000140667
 0.000133514
 0.000104904
 0.000205636
 0.000224710
 0.000154972
 0.000147820
 0.000133514
 0.000160933
 0.000133514
 0.000140071
 0.000181198
 0.000101328
 0.000142455
 0.000186563
 0.000264645
 0.000120401
 0.000030994
 0.000177622
 0.000066161
 0.000238419
 0.000212789
 0.000252128
-0.000025034
 0.000227690
 0.000651479
-0.000518560
 0.000000000
 0.000507832
 0.000380874
 0.000292659
-0.000402331
 0.000194907
 0.000288486
 0.000290871
 0.000141263
-0.000003576
 0.000230074
 0.000008941
 0.000213981
 0.000120997
 0.000128746
 0.000249743
 0.000224113
 0.000099540
 0.000004172
 0.000270605
 0.000239015
 0.000099540
 0.000107288
 0.000137687
 0.000143051
 0.000169873
 0.000142455
 0.000125170
 0.000181794
 0.000163913
 0.000145435
 0.000191927
 0.000181198
 0.000070930
 0.000138283
 0.000224113
 0.000169873
 0.000157356
 0.000140071
 0.000125170
 0.000155568
 0.000188351
 0.000182986
 0.000140071
 0.000141263
 0.000129342
 0.000154972
 0.000104904
 0.000085235
 0.000296831
 0.000117421
-0.000022650
 0.000237823
 0.000302792
 0.000054240
-0.000043511
 0.000255108
 0.000300407
 0.000215769
 0.000038743
-0.000014901
 0.000242591
 0.000215769
 0.000176430
 0.000005960
-0.000005364
 0.000404716
 0.000265241
-0.000043511
 0.000171065
 0.000240207
 0.000122786
 0.000128150
 0.000145435
 0.000186563
 0.000088811
 0.000088811
 0.000233054
 0.000147820
 0.000109076
 0.000231266
 0.000118613
 0.000079870
 0.000263453
 0.000178218
-0.000031590
 0.000114441
 0.000398755
 0.000190735
 0.000076890
 0.000155568
 0.000033379
 0.000145435
 0.000248551
 0.000228882
 0.000124574
 0.000105500
 0.000174642
 0.000169277
 0.000287294
 0.000191927
 0.000042319
 0.000116229
 0.000027418
 0.000233054
 0.000429153
-0.000033379
 0.000001192
 0.000243783
 0.000237823
 0.000190735
 0.000032187
 0.000288486
 0.000104308
-0.000069737
 0.000379086
 0.000280738
 0.000028610
 0.000044703
 0.000146627
 0.000221133
 0.000119209
 0.000195503
 0.000160933
 0.000055432
 0.000172853
 0.000232458
 0.000309348
-0.000122786
-0.000069737
 0.000576377
 0.000150204
-0.000041127
 0.000117421
 0.000083447
 0.000295639
 0.000264645
 0.000209808
 0.000066161
-0.000060797
 0.000181198
 0.000371933
 0.000123978
 0.000022054
 0.000156164
 0.000075102
 0.000316501
 0.000284910
-0.000004768
 0.000170469
 0.000231862
 0.000277162
 0.000048280
-0.000244975
 0.000275373
 0.000545979
 0.000128150
-0.000014901
 0.000141263
 0.000155568
 0.000109673
 0.000194907
 0.000169873
 0.000050664
 0.000109673
 0.000212789
 0.000187159
 0.000175238
 0.000180006
 0.000035763
 0.000110269
 0.000272393
 0.000230670
 0.000090599
-0.000107288
 0.000223517
 0.000475645
 0.000182986
-0.000023246
 0.000022650
 0.000244975
 0.000211000
 0.000205040
 0.000132918
 0.000042915
 0.000208616
 0.000155568
 0.000196099
 0.000147223
 0.000104904
 0.000227094
 0.000134706
 0.000122190
 0.000131726
 0.000231266
 0.000203252
 0.000082850
 0.000253916
 0.000221133
 0.000092387
 0.000082254
 0.000098944
 0.000167489
 0.000165105
 0.000153184
 0.000197291
 0.000213385
 0.000169277
 0.000176430
 0.000146627
 0.000104308
 0.000146627
 0.000148416
 0.000165701
 0.000216961
 0.000209808
 0.000134706
 0.000126958
 0.000174642
 0.000180006
 0.000179410
 0.000056028
 0.000088215
 0.000363588
 0.000269413
 0.000009537
 0.000045300
 0.000150204
 0.000236630
 0.000230670
 0.000184178
 0.000196695
 0.000131726
 0.000108480
 0.000120997
 0.000138283
 0.000169873
 0.000165105
 0.000177622
 0.000160336
 0.000164509
 0.000157356
 0.000147223
 0.000153780
 0.000132322
 0.000120401
 0.000131130
 0.000185966
 0.000185966
 0.000153184
 0.000156164
 0.000188947
 0.000201464
 0.000131130
 0.000093579
 0.000138283
 0.000182390
 0.000154972
 0.000133514
 0.000156164
 0.000164509
 0.000171661
 0.000151396
 0.000118613
 0.000104904
 0.000162125
 0.000157356
 0.000100136
 0.000196099
 0.000262260
 0.000201464
 0.000066161
 0.000137091
 0.000159740
 0.000144243
 0.000239015
-0.000008345
 0.000190735
 0.000382066
 0.000109076
 0.000043511
 0.000067353
 0.000253916
 0.000233650
 0.000167489
 0.000084639
 0.000051260
 0.000228286
 0.000158548
 0.000155568
 0.000175834
 0.000168085
 0.000145435
 0.000107288
 0.000206232
 0.000175834
 0.000124574
 0.000137091
 0.000154972
 0.000182986
 0.000176430
 0.000165701
 0.000143051
 0.000145435
 0.000157356
 0.000137091
 0.000156164
 0.000133514
 0.000084043
 0.000217557
 0.000259876
 0.000101924
 0.000095963
 0.000127554
 0.000125170
 0.000191927
 0.000174642
 0.000142455
 0.000149012
 0.000143647
 0.000180602
 0.000159144
 0.000143647
 0.000136495
 0.000135303
 0.000175834
 0.000135303
 0.000190139
 0.000170469
 0.000103116
 0.000169277
 0.000131726
 0.000164509
 0.000188351
 0.000143647
 0.000149608
 0.000136495
 0.000159144
 0.000164509
 0.000157356
 0.000147223
 0.000136495
 0.000156164
 0.000165701
 0.000165105
 0.000166297
 0.000144243
 0.000121593
 0.000148416
 0.000159740
 0.000140667
 0.000131726
 0.000135303
 0.000177622
 0.000163317
 0.000137091
 0.000184178
 0.000141859
 0.000143647
 0.000191331
 0.000121593
 0.000121593
 0.000154376
 0.000131726
 0.000150800
 0.000192523
 0.000140667
 0.000109673
 0.000174642
 0.000175238
 0.000165105
 0.000135303
 0.000126958
 0.000183582
 0.000182390
 0.000152588
 0.000127554
 0.000146031
 0.000156164
 0.000164509
 0.000185966
 0.000139475
 0.000122190
 0.000140071
 0.000151396
 0.000160933
 0.000126362
 0.000126362
 0.000182390
 0.000168681
 0.000177026
 0.000182390
 0.000140667
 0.000169277
 0.000140071
 0.000156164
 0.000137687
 0.000145435
 0.000211000
 0.000113249
 0.000165701
 0.000134110
 0.000082254
 0.000182390
 0.000284314
 0.000152588
-0.000026822
 0.000247359
 0.000255108
 0.000151992
-0.000190735
 0.000077486
 0.000766516
 0.000060201
-0.000096560
 0.000076890
 0.000048876
 0.000371933
 0.000232458
 0.000139475
 0.000029206
 0.000118613
 0.000155568
 0.000113249
 0.000270009
 0.000156164
 0.000125766
 0.000107288
 0.000159740
 0.000206828
 0.000159740
 0.000144243
 0.000090003
 0.000161529
 0.000142455
 0.000157952
 0.000183582
 0.000159740
 0.000167489
 0.000101328
 0.000167489
 0.000121593
 0.000127554
 0.000265837
 0.000138879
 0.000098348
 0.000084639
 0.000114441
 0.000333190
 0.000197887
 0.000002384
 0.000165105
 0.000212193
 0.000094771
 0.000115633
 0.000180602
 0.000156164
 0.000137687
 0.000180006
 0.000151396
 0.000091791
 0.000099540
 0.000140071
 0.000132918
 0.000139475
 0.000294447
 0.000186563
 0.000070930
 0.000184774
 0.000162721
 0.000163317
-0.000039935
 0.000126362
 0.000540018
 0.000194311
-0.000075102
 0.000041723
 0.000097156
 0.000219345
 0.000247359
 0.000118613
 0.000151396
 0.000030994
 0.000154972
 0.000483990
-0.000033975
-0.000093579
 0.000324249
 0.000177622
 0.000129938
 0.000073314
 0.000163317
 0.000275970
 0.000106692
 0.000074506
 0.000132918
 0.000172257
 0.000226498
 0.000168085
 0.000045896
 0.000211596
 0.000207424
-0.000016093
 0.000090599
 0.000277758
 0.000232458
 0.000195503
 0.000199676
 0.000067353
 0.000185370
 0.000090599
-0.000005364
 0.000313520
 0.000254512
 0.000093579
 0.000107884
 0.000162125
 0.000191927
 0.000191927
 0.000151396
 0.000100732
 0.000149012
 0.000137091
 0.000169277
 0.000174046
 0.000136495
 0.000144839
 0.000134110
 0.000188947
 0.000169873
 0.000122190
 0.000181198
 0.000157952
 0.000122190
 0.000142455
 0.000161529
 0.000162721
 0.000109673
 0.000128746
 0.000159740
 0.000153184
 0.000130534
 0.000219345
 0.000259280
 0.000085831
 0.000091791
 0.000127554
 0.000203848
 0.000146627
-0.000008345
 0.000123382
 0.000205040
 0.000358820
 0.000276566
 0.000000000
 0.000007153
 0.000099540
 0.000201464
 0.000177622
 0.000241399
 0.000228286
 0.000028610
 0.000113249
 0.000213981
 0.000165105
 0.000191927
 0.000168681
 0.000081658
 0.000110269
 0.000154972
 0.000178814
 0.000174642
 0.000111461
 0.000138879
 0.000177026
 0.000166893
 0.000140071
 0.000118613
 0.000124574
 0.000144839
 0.000174046
 0.000157356
 0.000157952
 0.000172853
 0.000138879
 0.000185370
 0.000146627
 0.000010133
 0.000228882
 0.000298023
 0.000087023
 0.000093579
 0.000078082
 0.000185370
 0.000257492
 0.000095963
 0.000078678
 0.000158548
 0.000231862
 0.000165701
 0.000075102
 0.000157952
 0.000167489
 0.000116229
 0.000126362
 0.000172257
 0.000200868
 0.000124574
 0.000131726
 0.000181794
 0.000145435
 0.000150204
 0.000142455
 0.000157356
 0.000116825
 0.000187755
 0.000185370
-0.000017881
 0.000271201
 0.000284314
-0.000002980
 0.000155568
 0.000156760
 0.000109673
 0.000196695
 0.000219345
 0.000145435
 0.000107288
 0.000166297
 0.000156164
 0.000149608
 0.000134706
 0.000149608
 0.000175834
 0.000150800
 0.000163317
 0.000153184
 0.000115037
 0.000084639
 0.000149012
 0.000204444
 0.000185966
 0.000150800
 0.000076294
 0.000221729
 0.000262260
 0.000067949
 0.000049472
 0.000104904
 0.000200868
 0.000224113
 0.000170469
 0.000117421
 0.000070333
 0.000140667
 0.000174642
 0.000151992
 0.000114441
 0.000122786
 0.000169277
 0.000155568
 0.000157356
 0.000145435
 0.000122786
 0.000104308
 0.000132322
 0.000163317
 0.000160336
 0.000188351
 0.000155568
 0.000119805
 0.000135303
 0.000149012
 0.000117421
 0.000133514
 0.000206828
 0.000141263
 0.000113249
 0.000190139
 0.000111461
 0.000118613
 0.000292659
 0.000181794
 0.000036359
 0.000070930
 0.000151992
 0.000285506
 0.000150204
 0.000003576
 0.000137687
 0.000253916
 0.000262260
 0.000172257
 0.000118017
 0.000162125
 0.000164509
 0.000114441
 0.000143051
 0.000193119
 0.000182390
 0.000160933
 0.000148416
 0.000185966
 0.000188947
 0.000155568
 0.000162721
 0.000155568
 0.000143051
 0.000133514
 0.000118613
 0.000146627
 0.000184774
 0.000206232
 0.000171661
 0.000087619
 0.000163913
 0.000202060
 0.000146627
 0.000154376
 0.000039339
 0.000112057
 0.000254512
 0.000188947
 0.000216365
 0.000107884
 0.000020862
 0.000175238
 0.000235438
 0.000213981
 0.000150800
 0.000146031
 0.000157952
 0.000124574
 0.000212193
 0.000195503
 0.000112057
 0.000153780
 0.000171661
 0.000171661
 0.000177026
 0.000172257
 0.000138879
 0.000194907
 0.000235438
 0.000104904
 0.000066161
 0.000069737
 0.000153184
 0.000302196
 0.000247359
 0.000001192
 0.000164509
 0.000461340
-0.000100136
-0.000219941
 0.000385642
 0.000437498
 0.000159740
 0.000023842
 0.000076294
 0.000160933
 0.000264645
 0.000176430
 0.000080466
 0.000139475
 0.000146627
 0.000163317
 0.000159740
 0.000174046
 0.000153184
 0.000150204
 0.000126362
 0.000103116
 0.000163317
 0.000209212
 0.000188351
 0.000085831
 0.000098348
 0.000193119
 0.000181794
 0.000117421
 0.000145435
 0.000166297
 0.000139475
 0.000157952
 0.000074506
 0.000140071
 0.000287890
 0.000159144
 0.000108480
 0.000112057
 0.000145435
 0.000262260
 0.000144243
 0.000081658
 0.000165701
 0.000195503
 0.000194907
 0.000144243
 0.000131726
 0.000122786
 0.000172257
 0.000202656
 0.000111461
 0.000110865
 0.000153780
 0.000202060
 0.000150204
 0.000038743
 0.000168085
 0.000252724
 0.000158548
 0.000104904
 0.000132322
 0.000178218
 0.000120997
 0.000097752
 0.000162721
 0.000261664
 0.000061989
 0.000004172
 0.000348687
 0.000082850
 0.000074506
 0.000323653
 0.000068545
 0.000104308
 0.000188351
 0.000146031
 0.000107884
 0.000165701
 0.000201464
 0.000168085
 0.000179410
 0.000059605
 0.000123978
 0.000231862
 0.000165105
 0.000100732
 0.000162125
 0.000215173
 0.000059009
 0.000061393
 0.000259876
 0.000291467
 0.000097156
-0.000048280
 0.000100732
 0.000284314
 0.000284314
 0.000079870
 0.000054836
 0.000433922
 0.000060797
-0.000348687
 0.000384450
 0.000455976
 0.000109673
 0.000159144
 0.000012517
 0.000019670
 0.000073314
 0.000308156
 0.000294447
 0.000088811
 0.000182986
 0.000132322
 0.000121593
 0.000131726
 0.000179410
 0.000138879
 0.000106692
 0.000216365
 0.000185966
 0.000147820
 0.000082850
 0.000115633
 0.000199080
 0.000156164
 0.000110269
 0.000099540
 0.000221133
 0.000239611
 0.000068545
 0.000178814
 0.000147820
 0.000031590
 0.000188947
 0.000188351
 0.000154376
 0.000107288
 0.000212193
 0.000206232
 0.000070333
 0.000163317
 0.000085831
 0.000175834
 0.000306368
 0.000122190
 0.000119805
 0.000172257
 0.000080466
 0.000101328
 0.000194907
 0.000230670
 0.000176430
 0.000154972
 0.000111461
 0.000129342
 0.000206828
 0.000147223
 0.000172853
 0.000136495
 0.000115037
 0.000140667
 0.000190139
 0.000264645
 0.000139475
 0.000053644
 0.000195503
 0.000323057
 0.000098348
-0.000038147
 0.000158548
 0.000272989
 0.000187755
 0.000128150
 0.000138879
 0.000135899
 0.000187755
 0.000174046
 0.000147223
 0.000135899
 0.000123382
 0.000156760
 0.000112653
 0.000168681
 0.000137091
 0.000160336
 0.000204444
 0.000053048
 0.000238419
 0.000211000
 0.000126362
-0.000182986
 0.000224710
 0.000486970
-0.000189543
 0.000694394
 0.000030994
-0.000564456
 0.000479817
 0.000366569
 0.000119209
 0.000006557
 0.000285506
 0.000061989
 0.000200868
 0.000107288
 0.000080466
 0.000466704
-0.000106096
 0.000202060
 0.000215173
 0.000135899
 0.000211000
 0.000057817
 0.000208020
 0.000100732
 0.000145435
 0.000118017
 0.000153780
 0.000204444
 0.000180006
 0.000090003
 0.000176430
 0.000141859
 0.000187755
 0.000123978
 0.000160336
 0.000358224
-0.000259876
 0.000271797
 0.000091791
 0.000381470
 0.000677109
-0.000572205
 0.000060797
 0.000175238
 0.000434518
 0.000137687
 0.000056028
 0.000357032
-0.000061989
 0.000344515
-0.000044107
 0.000401735
-0.000221133
 0.000213385
 0.000750422
-0.000371933
 0.000360608
 0.000033975
 0.000174642
 0.000194907
-0.000020862
 0.000343919
 0.000022054
 0.000358224
 0.000021458
 0.000192523
 0.000229478
-0.000078678
 0.000339150
-0.000163913
 0.000573993
-0.000066757
 0.000146031
-0.000446439
 0.000319481
 0.002868772
-0.003723502
 0.002319217
 0.000391006
-0.002884269
 0.005565286
-0.005784631
 0.004048944
 0.000212789
-0.003896356
 0.006678700
-0.006637573
 0.005079508
-0.001670122
-0.001569390
 0.004858971
-0.005951524
 0.006003380
-0.003799796
 0.001161695
 0.001806021
-0.003532171
 0.004872680
-0.004324317
 0.003371239
-0.001076460
-0.000683069
 0.002588034
-0.003123283
 0.003511906
-0.002577901
 0.001173019
 0.000243187
-0.000125170
 0.001763105
-0.002619028
 0.002647042
-0.001893640
 0.001330376
 0.000587106
-0.001182556
 0.001901388
-0.001804233
 0.001920462
-0.000885129
 0.000464916
 0.000520349
-0.000870824
 0.001491308
-0.001240373
 0.001346469
-0.000457168
 0.000259876
 0.000475049
-0.000643134
 0.001066923
-0.000769496
 0.000960827
-0.000292063
 0.000284314
 0.000378489
-0.000389218
 0.000823736
-0.000627637
 0.001152158
-0.000622869
-0.000773072
 0.001674891
 0.000381470
-0.000451803
-0.000391603
 0.000650287
 0.000078082
 0.000299811
 0.000193715
-0.000031590
 0.000367165
-0.000061393
 0.000455976
 0.000010133
 0.000307560
-0.000013709
 0.000125170
 0.000413060
-0.000143051
 0.000457764
-0.000009537
 0.000270605
 0.000094175
 0.000100136
 0.000293255
-0.000045896
 0.000377297
 0.000033975
 0.000290275
 0.000124574
 0.000134706
 0.000194311
 0.000033379
 0.000503063
-0.000187159
 0.000367761
 0.000166893
 0.000005960
 0.000650883
-0.000545979
 0.000036359
-0.000181198
 0.001268387
 0.001464486
-0.001784563
-0.000317693
 0.000771880
 0.000554323
 0.000090003
-0.000057220
 0.000390410
-0.000114441
 0.000314116
 0.000054240
 0.000147820
 0.000335574
 0.000116825
 0.000115037
 0.000026226
 0.000236034
 0.000222921
 0.000164509
 0.000157356
 0.000182986
 0.000070333
 0.000154376
 0.000177026
 0.000185370
 0.000252724
 0.000095963
 0.000190139
 0.000087023
 0.000257492
 0.000152588
 0.000178218
 0.000205636
-0.000298023
 0.000695586
 0.000381470
-0.000236630
 0.000117421
-0.000023842
 0.000687242
 0.000068545
-0.000143647
 0.000358224
 0.000129342
 0.000280738
 0.000036359
 0.000147223
 0.000136495
 0.000158548
 0.000244975
 0.000083447
 0.000250936
 0.000125766
 0.000115037
 0.000094175
 0.000087619
 0.000205040
 0.000143647
 0.000185966
 0.000153780
 0.000206232
 0.000145435
 0.000134110
 0.000134706
 0.000015497
 0.000311732
 0.000175238
 0.000045896
 0.000202060
 0.000137687
 0.000209212
 0.000157952
 0.000146627
 0.000140667
 0.000126958
 0.000183582
 0.000185370
 0.000191927
 0.000204444
 0.000057817
 0.000105500
 0.000383258
 0.000074506
 0.000008345
 0.000316501
 0.000249743
 0.000095367
 0.000085831
 0.000256300
 0.000178814
 0.000123382
 0.000180006
 0.000151396
 0.000211000
 0.000151992
 0.000144243
 0.000157356
 0.000143051
 0.000166297
 0.000141859
 0.000144839
 0.000154376
 0.000188351
 0.000162125
 0.000141859
 0.000166297
 0.000150204
 0.000156164
 0.000134706
 0.000132918
 0.000148416
 0.000152588
 0.000178814
 0.000179410
 0.000187159
 0.000136495
 0.000091195
 0.000174642
 0.000206828
 0.000162125
 0.000135303
 0.000140667
 0.000180006
 0.000157952
 0.000143647
 0.000144243
 0.000153184
 0.000157356
 0.000159740
 0.000216961
 0.000122786
 0.000186563
 0.000237823
 0.000076890
 0.000129938
 0.000181794
 0.000158548
 0.000187159
 0.000181198
 0.000169277
 0.000181198
 0.000136495
 0.000182390
 0.000092983
 0.000193119
 0.000161529
-0.000038743
 0.000393391
 0.000298619
 0.000014305
-0.000008941
 0.000212193
 0.000324845
 0.000008345
 0.000148416
 0.000157952
 0.000210404
 0.000153184
 0.000119209
 0.000230074
 0.000065565
 0.000199676
 0.000174046
 0.000118613
 0.000162721
 0.000185966
 0.000184774
 0.000109673
 0.000181198
 0.000120401
 0.000117421
 0.000164509
 0.000131726
 0.000168085
 0.000144243
 0.000156164
 0.000192523
 0.000157952
 0.000141263
 0.000150800
 0.000161529
 0.000134110
 0.000125170
 0.000144839
 0.000150800
 0.000159740
 0.000161529
 0.000149608
 0.000124574
 0.000219941
 0.000185966
 0.000078082
 0.000173450
 0.000147820
 0.000161529
 0.000203252
 0.000159740
 0.000177026
 0.000161529
 0.000171065
 0.000162721
 0.000141263
 0.000101924
 0.000117421
 0.000210404
 0.000184178
 0.000127554
 0.000150800
 0.000219345
 0.000165701
 0.000085831
 0.000187159
 0.000184178
 0.000104308
 0.000146031
 0.000174046
 0.000177622
 0.000142455
 0.000119209
 0.000149012
 0.000197887
 0.000190735
 0.000110269
 0.000146031
 0.000202656
 0.000175238
 0.000132918
 0.000102520
 0.000159740
 0.000197887
 0.000175238
 0.000155568
 0.000131726
 0.000128746
 0.000137091
 0.000157356
 0.000137091
 0.000135899
 0.000169277
 0.000174642
 0.000185966
 0.000131130
 0.000140071
 0.000156164
 0.000124574
 0.000170469
 0.000177622
 0.000171065
 0.000163913
 0.000182390
 0.000161529
 0.000111461
 0.000129342
 0.000196695
 0.000196099
 0.000048876
 0.000118613
 0.000206828
 0.000182390
 0.000199080
 0.000120997
 0.000137091
 0.000165701
 0.000156760
 0.000162721
 0.000148416
 0.000171065
 0.000172853
 0.000188947
 0.000159740
 0.000130534
 0.000139475
 0.000133514
 0.000156760
 0.000147223
 0.000157356
 0.000184178
 0.000190139
 0.000189543
 0.000166893
 0.000131726
 0.000135303
 0.000170469
 0.000159144
 0.000133514
 0.000104904
 0.000231266
 0.000182390
 0.000030994
 0.000209212
 0.000196099
 0.000119805
 0.000168085
 0.000173450
 0.000153780
 0.000120997
 0.000175834
 0.000155568
 0.000156760
 0.000147223
 0.000093579
 0.000164509
 0.000223517
 0.000146627
 0.000073314
 0.000173450
 0.000228882
 0.000180602
 0.000146627
 0.000113845
 0.000093579
 0.000123382
 0.000201464
 0.000205040
 0.000132322
 0.000091791
 0.000160336
 0.000181198
 0.000128150
 0.000171661
 0.000162125
 0.000115037
 0.000167489
 0.000206828
 0.000168681
 0.000141263
 0.000139475
 0.000131130
 0.000142455
 0.000154972
 0.000161529
 0.000156164
 0.000163913
 0.000169277
 0.000138879
 0.000135303
 0.000143051
 0.000153184
 0.000170469
 0.000156760
 0.000160933
 0.000153780
 0.000135899
 0.000176430
 0.000156760
 0.000110865
 0.000158548
 0.000147223
 0.000147820
 0.000187755
 0.000142455
 0.000134110
 0.000171661
 0.000171065
 0.000079274
 0.000101328
 0.000211000
 0.000168681
 0.000143647
 0.000154972
 0.000151396
 0.000134706
 0.000146627
 0.000169277
 0.000154972
 0.000171661
 0.000175238
 0.000184178
 0.000167489
 0.000148416
 0.000162721
 0.000167489
 0.000177622
 0.000138879
 0.000130534
 0.000129938
 0.000120997
 0.000190735
 0.000168085
 0.000182986
 0.000221133
 0.000104308
 0.000106096
 0.000180602
 0.000182390
 0.000123978
 0.000162721
 0.000194311
 0.000122786
 0.000174642
 0.000161529
 0.000180602
 0.000149608
 0.000172257
 0.000155568
 0.000121593
 0.000191331
 0.000089407
 0.000224710
 0.000127554
 0.000292063
-0.000153184
-0.000181198
 0.001085997
 0.000195503
-0.000412464
 0.000060797
 0.000208020
 0.000405908
 0.000091195
 0.000166297
 0.000120401
 0.000103712
 0.000117421
 0.000144243
 0.000284910
 0.000090599
 0.000136495
 0.000131726
 0.000140667
 0.000211000
 0.000175834
 0.000154972
 0.000135303
 0.000159740
 0.000132322
 0.000131130
 0.000150800
 0.000166893
 0.000172853
 0.000177026
 0.000153780
 0.000138879
 0.000171065
 0.000161529
 0.000148416
 0.000123978
 0.000172853
 0.000182390
 0.000166297
 0.000144839
 0.000126362
 0.000165701
 0.000137687
 0.000200272
 0.000044703
 0.000146031
 0.000334382
 0.000053048
 0.000135303
 0.000243783
 0.000165701
 0.000080466
 0.000099540
 0.000228882
 0.000156164
 0.000131130
 0.000135899
 0.000144243
 0.000146627
 0.000140071
 0.000181794
 0.000149608
 0.000156164
 0.000191927
 0.000164509
 0.000138879
 0.000125766
 0.000143647
 0.000172853
 0.000177026
 0.000174642
 0.000176430
 0.000174642
 0.000161529
 0.000160933
 0.000157356
 0.000150204
 0.000147223
 0.000147820
 0.000162125
 0.000171661
 0.000164509
 0.000174046
 0.000169873
 0.000140667
 0.000134110
 0.000156164
 0.000204444
 0.000146031
 0.000159144
 0.000227690
 0.000086427
 0.000118613
 0.000191927
 0.000187159
 0.000182986
 0.000127554
 0.000194311
 0.000151396
 0.000219941
 0.000146627
 0.000174642
 0.000175834
 0.000138283
 0.000234842
-0.000457764
 0.000469089
 0.000980496
-0.000268221
-0.000041723
 0.000102520
 0.000248551
 0.000201464
 0.000084639
 0.000288486
 0.000016093
 0.000215173
 0.000130534
 0.000137091
 0.000281334
 0.000146031
 0.000171661
 0.000052452
 0.000185370
 0.000171661
 0.000108480
 0.000218153
 0.000036955
 0.000212789
 0.000070930
 0.000176430
 0.000215769
 0.000142455
 0.000399947
-0.000116229
 0.000360012
-0.000513196
 0.000289679
 0.001816750
-0.000756383
-0.000720024
 0.000433326
 0.000609756
 0.000263453
-0.000086427
 0.000322461
-0.000101328
 0.000292063
 0.000231266
 0.000151992
 0.000164509
 0.000000596
 0.000280142
 0.000050068
 0.000241399
 0.000246763
 0.000122786
 0.000152588
 0.000064969
 0.000169277
 0.000125170
 0.000126362
 0.000209808
 0.000180602
 0.000152588
 0.000181794
 0.000160933
 0.000146031
 0.000078082
 0.000212193
 0.000139475
 0.000173450
 0.000124574
-0.000131726
 0.000537634
 0.000267029
-0.000018477
 0.000172257
 0.000028014
 0.000267029
 0.000081658
 0.000264645
 0.000172853
 0.000066161
 0.000252128
 0.000118017
 0.000275373
 0.000107884
 0.000094771
 0.000179410
 0.000145435
 0.000218153
 0.000153184
 0.000168681
 0.000149608
 0.000156164
 0.000166297
 0.000161529
 0.000171661
 0.000132322
 0.000166893
 0.000165701
 0.000138283
 0.000144243
 0.000146031
 0.000163317
 0.000153780
 0.000151396
 0.000170469
 0.000174642
 0.000162721
 0.000140071
 0.000144243
 0.000155568
 0.000156164
 0.000178218
 0.000165105
 0.000102520
 0.000146627
 0.000221729
 0.000166893
 0.000107288
 0.000128150
 0.000182390
 0.000196099
 0.000182986
 0.000149608
 0.000136495
 0.000145435
 0.000122190
 0.000186563
 0.000183582
 0.000138283
 0.000157952
 0.000143051
 0.000184774
 0.000187159
 0.000122190
 0.000074506
 0.000114441
 0.000214577
 0.000209212
 0.000169277
 0.000144243
 0.000146627
 0.000163913
 0.000143051
 0.000137687
 0.000154376
 0.000162721
 0.000156164
 0.000163317
 0.000160336
 0.000118613
 0.000149012
 0.000231862
 0.000206232
 0.000141263
 0.000069737
 0.000127554
 0.000237226
 0.000129342
 0.000122786
 0.000202656
 0.000191331
 0.000185370
 0.000181794
 0.000158548
 0.000053048
 0.000011921
 0.000202060
 0.000333190
 0.000179410
 0.000065565
 0.000069737
 0.000100732
 0.000181198
 0.000167489
 0.000199676
 0.000168681
 0.000145435
 0.000185966
 0.000109076
 0.000219345
 0.000082850
 0.000193715
 0.000143647
 0.000128746
 0.000305772
-0.000068545
 0.000122190
-0.000138283
 0.000877380
 0.000650883
-0.000952482
 0.000017285
 0.000346303
 0.000795722
 0.000118613
-0.000379682
 0.000312328
 0.000073910
 0.000387430
 0.000075698
 0.000169873
 0.000144243
 0.000042915
 0.000273585
 0.000082254
 0.000227094
 0.000099540
 0.000163317
 0.000171065
 0.000086427
 0.000236034
 0.000176430
 0.000013113
 0.000101924
 0.000187159
 0.000182986
 0.000313520
 0.000124574
-0.000038743
 0.000149608
 0.000310540
 0.000138879
 0.000087023
 0.000168085
 0.000138879
 0.000182390
 0.000125766
 0.000177026
 0.000116229
 0.000206828
 0.000188351
 0.000010729
 0.000122786
 0.000098944
 0.000410080
 0.000200868
 0.000003576
 0.000081658
 0.000117421
 0.000354648
-0.000187159
 0.000360608
 0.000222921
-0.000258088
 0.000873208
 0.000231266
-0.000499487
 0.000029206
 0.000464320
 0.000334382
 0.000052452
 0.000125766
 0.000005364
 0.000229478
 0.000231266
 0.000131726
 0.000208020
 0.000128746
 0.000143051
 0.000120997
 0.000175834
 0.000157952
 0.000151396
 0.000133514
 0.000169873
 0.000190735
 0.000098944
 0.000072122
 0.000180006
 0.000297427
 0.000008345
 0.000261664
 0.000284314
-0.000074506
 0.000228286
 0.000064969
 0.000253916
 0.000292063
-0.000151396
 0.000390410
 0.000453591
-0.000225306
-0.000125766
 0.000439882
 0.000434518
 0.000084639
 0.000016093
 0.000080466
 0.000182986
 0.000281334
 0.000211000
 0.000138879
 0.000182986
 0.000190735
 0.000126958
 0.000122190
 0.000103116
 0.000102520
 0.000222325
 0.000203848
 0.000146031
 0.000236630
 0.000190139
 0.000075102
 0.000076890
 0.000195503
 0.000205636
 0.000091791
 0.000092983
 0.000241399
 0.000417233
 0.000011325
-0.000039935
 0.000504255
 0.000152588
-0.000196099
 0.000222921
 0.000357032
 0.000144839
 0.000137091
 0.000156164
 0.000179410
 0.000157952
 0.000157356
 0.000196099
 0.000092983
 0.000193119
 0.000192523
 0.000103116
 0.000261068
 0.000140071
 0.000114441
 0.000209212
 0.000087619
 0.000146031
 0.000135303
 0.000151396
 0.000218749
 0.000162721
 0.000126958
 0.000225902
 0.000078082
 0.000207424
 0.000320077
-0.000196695
 0.000130534
 0.000424981
 0.000287890
-0.000211596
 0.000330210
 0.000855327
-0.000656843
-0.000180006
 0.000612736
 0.000371933
 0.000181794
-0.000060201
 0.000313520
 0.000067353
 0.000124574
 0.000182986
 0.000184774
 0.000270009
 0.000060201
 0.000128746
 0.000093579
 0.000267029
 0.000185370
 0.000021458
 0.000218749
 0.000148416
 0.000104904
 0.000262856
 0.000151396
 0.000095963
 0.000137687
 0.000075698
 0.000228882
 0.000122786
 0.000140667
 0.000253320
 0.000079870
 0.000209808
 0.000035167
 0.000081658
 0.000355840
 0.000181794
 0.000164509
 0.000084043
 0.000131130
 0.000115633
 0.000092983
 0.000222325
 0.000169873
 0.000189543
 0.000072718
 0.000116229
 0.000150800
 0.000194907
 0.000171065
 0.000032783
 0.000343919
 0.000090003
-0.000025630
 0.000259280
 0.000187159
 0.000154376
 0.000091195
 0.000215769
 0.000157952
 0.000153780
 0.000074506
 0.000094771
 0.000202656
 0.000287890
 0.000145435
-0.000168681
 0.000802279
-0.000060201
-0.000580549
 0.000618100
 0.000196695
 0.000402927
 0.000092983
-0.000077486
 0.000169873
 0.000050068
 0.000461936
 0.000054240
 0.000104308
 0.000200868
 0.000135899
 0.000227690
 0.000074506
 0.000171065
 0.000050068
 0.000106096
 0.000158548
 0.000187755
 0.000234842
 0.000128150
 0.000177026
 0.000131726
 0.000142455
 0.000053048
 0.000066757
 0.000260472
 0.000345111
 0.000177622
-0.000109673
 0.000271201
 0.000351667
 0.000066161
-0.000084639
 0.000026822
 0.000623465
 0.000298023
-0.000172853
 0.000028014
 0.000253320
 0.000287890
 0.000099540
 0.000116825
 0.000140667
 0.000207424
 0.000236034
 0.000157356
 0.000136495
 0.000112653
 0.000129342
 0.000112653
 0.000168681
 0.000174642
 0.000158548
 0.000177622
 0.000152588
 0.000188351
 0.000157356
 0.000135899
 0.000178814
 0.000180006
 0.000169277
 0.000092983
 0.000157356
 0.000218749
 0.000056624
 0.000120401
 0.000336170
 0.000236630
-0.000102520
 0.000083447
 0.000403523
 0.000190735
-0.000082850
-0.000044703
 0.000442863
 0.000342727
-0.000040531
 0.000023246
 0.000140667
 0.000318885
 0.000149012
 0.000082850
 0.000136495
 0.000138879
 0.000211596
 0.000120401
 0.000137091
 0.000150800
 0.000178814
 0.000143647
 0.000114441
 0.000189543
 0.000114441
 0.000159144
 0.000163317
 0.000139475
 0.000174642
 0.000175238
 0.000178814
 0.000031590
 0.000276566
 0.000267625
-0.000050068
 0.000159144
 0.000181198
 0.000159144
 0.000166297
 0.000179410
 0.000159740
 0.000029206
 0.000132918
 0.000192523
 0.000177622
 0.000081062
 0.000235438
 0.000306368
 0.000057220
 0.000029206
 0.000060201
 0.000250340
 0.000247955
 0.000084043
 0.000110269
 0.000150800
 0.000219345
 0.000163913
 0.000142455
 0.000139475
 0.000122786
 0.000170469
 0.000164509
 0.000168085
 0.000153184
 0.000140667
 0.000109673
 0.000090599
 0.000138283
 0.000194311
 0.000202060
 0.000144243
 0.000137091
 0.000147820
 0.000110269
 0.000146031
 0.000142455
 0.000229478
 0.000040531
 0.000016093
 0.000403523
 0.000042915
 0.000470281
 0.000467300
-0.000535846
-0.000064373
 0.000485182
 0.000414252
 0.000063181
 0.000139475
 0.000151396
-0.000004768
 0.000267029
 0.000085235
 0.000200868
 0.000196099
 0.000110269
 0.000239015
 0.000076294
 0.000147223
 0.000137687
 0.000111461
 0.000179410
 0.000164509
 0.000223517
 0.000135303
 0.000094771
 0.000140667
 0.000129342
 0.000192523
 0.000140667
 0.000193715
 0.000181794
 0.000119209
 0.000214577
 0.000064373
-0.000058413
 0.000175238
 0.000439882
 0.000020266
 0.000194311
 0.000503659
-0.000284314
-0.000017881
 0.000481606
 0.000215769
 0.000114441
 0.000122190
 0.000124574
 0.000087619
 0.000157356
 0.000214577
 0.000211000
 0.000097156
 0.000157356
 0.000153780
 0.000093579
 0.000190139
 0.000107884
 0.000159740
 0.000191927
 0.000199080
 0.000186563
 0.000113249
 0.000160933
 0.000073910
 0.000091791
 0.000193119
 0.000186563
 0.000168085
 0.000137687
 0.000139475
 0.000103712
 0.000147820
 0.000165105
 0.000154972
 0.000247359
 0.000141859
 0.000085235
 0.000150204
 0.000151992
 0.000201464
 0.000180602
 0.000171661
 0.000168085
 0.000149012
 0.000159144
 0.000123382
 0.000132322
 0.000164509
 0.000175834
 0.000149012
 0.000140071
 0.000157952
 0.000153184
 0.000171065
 0.000162125
 0.000137687
 0.000108480
 0.000226498
 0.000143051
 0.000159740
 0.000315905
-0.000081062
 0.000224113
 0.000241995
 0.000001192
 0.000200272
 0.000008941
 0.000558496
 0.000236034
-0.000084043
 0.000097156
-0.000032783
 0.000467896
 0.000158548
 0.000149012
 0.000164509
 0.000065565
 0.000314713
 0.000073314
 0.000203252
 0.000148416
 0.000121593
 0.000160336
 0.000125170
 0.000241995
 0.000157952
 0.000147223
 0.000109673
 0.000150800
 0.000154376
 0.000233650
 0.000341535
 0.000036359
-0.000054836
 0.000290275
 0.000196099
 0.000274181
 0.000137091
-0.000105500
 0.000282526
-0.000241995
 0.000675917
 0.000727177
-0.000666380
 0.000013113
 0.000246763
 0.000630617
 0.000090599
-0.000156164
 0.000350475
-0.000047088
 0.000419617
 0.000085831
 0.000089407
 0.000264049
 0.000060797
 0.000230074
 0.000053644
 0.000217557
 0.000136495
 0.000154972
 0.000174642
 0.000100136
 0.000197887
 0.000153780
 0.000290871
 0.000123382
-0.000005364
 0.000084639
 0.000185370
 0.000245571
 0.000135899
 0.000200868
 0.000144243
 0.000098348
 0.000169277
 0.000127554
 0.000133514
 0.000122786
 0.000169277
 0.000202656
 0.000169277
 0.000162721
 0.000137687
 0.000122190
 0.000115037
 0.000163913
 0.000168085
 0.000188947
 0.000189543
 0.000126958
 0.000131130
 0.000017881
 0.000274777
 0.000433922
 0.000003576
-0.000101924
 0.000051856
 0.000287890
 0.000293255
 0.000099540
 0.000168681
 0.000192523
 0.000160336
 0.000075102
 0.000061989
 0.000161529
 0.000155568
 0.000197887
 0.000201464
 0.000169873
 0.000170469
 0.000122190
 0.000114441
 0.000101924
 0.000156164
 0.000210404
 0.000171065
 0.000146627
 0.000120401
 0.000144243
 0.000156760
 0.000173450
 0.000169873
 0.000140667
 0.000161529
 0.000116825
 0.000104308
 0.000125170
 0.000180602
 0.000207424
 0.000166297
 0.000175834
 0.000137091
 0.000151992
 0.000174642
 0.000137091
 0.000117421
 0.000107884
 0.000144243
 0.000178218
 0.000159144
 0.000167489
 0.000125766
 0.000090003
 0.000213385
 0.000140667
 0.000190139
 0.000301600
 0.000064373
 0.000023842
 0.000142455
 0.000197291
 0.000214577
 0.000163317
 0.000137687
 0.000094175
 0.000110269
 0.000301600
 0.000149012
-0.000010133
 0.000216365
 0.000203252
 0.000181794
 0.000153780
 0.000116825
 0.000199676
 0.000165105
 0.000145435
 0.000127554
 0.000154972
 0.000172853
 0.000157356
 0.000173450
 0.000146627
 0.000136495
 0.000135899
 0.000144839
 0.000158548
 0.000154972
 0.000156760
 0.000163913
 0.000167489
 0.000153184
 0.000149608
 0.000158548
 0.000138879
 0.000145435
 0.000138879
 0.000140667
 0.000205636
 0.000144243
 0.000107288
 0.000137091
 0.000169873
 0.000187755
 0.000109673
 0.000143647
 0.000160336
 0.000163317
 0.000165105
 0.000191331
 0.000071526
 0.000051260
 0.000287890
 0.000082850
 0.000339150
 0.000360608
-0.000148416
 0.000067949
 0.000178814
 0.000232458
 0.000236630
 0.000216961
 0.000134110
-0.000016093
 0.000193119
 0.000181794
 0.000181794
 0.000191331
 0.000112653
 0.000153184
 0.000143051
 0.000157356
 0.000134706
 0.000113845
 0.000129938
 0.000141859
 0.000180006
 0.000180602
 0.000162721
 0.000144243
 0.000124574
 0.000122786
 0.000133514
 0.000186563
 0.000165105
 0.000141263
 0.000150800
 0.000089407
 0.000154972
 0.000212193
 0.000144839
 0.000137091
 0.000073910
 0.000155568
 0.000193715
 0.000086427
 0.000321269
 0.000145435
-0.000032783
 0.000199676
 0.000215769
 0.000253320
 0.000014901
 0.000082254
 0.000267029
 0.000114441
 0.000227094
 0.000145435
 0.000051856
 0.000168085
 0.000222921
 0.000200272
 0.000129342
 0.000123978
 0.000119805
 0.000153184
 0.000166297
 0.000153780
 0.000193119
 0.000157356
 0.000111461
 0.000135899
 0.000150800
 0.000149012
 0.000144839
 0.000143647
 0.000131130
 0.000144839
 0.000180602
 0.000177026
 0.000165701
 0.000149608
 0.000138283
 0.000146031
 0.000136495
 0.000148416
 0.000168085
 0.000178814
 0.000193119
 0.000172257
 0.000151396
 0.000123978
 0.000119805
 0.000153184
 0.000163913
 0.000177026
 0.000171661
 0.000184178
 0.000194311
 0.000131726
 0.000084043
 0.000094771
 0.000160933
 0.000195503
 0.000150800
 0.000180602
 0.000163317
 0.000083447
 0.000150800
 0.000196099
 0.000148416
 0.000123978
 0.000176430
 0.000191331
 0.000153780
 0.000153184
 0.000127554
 0.000146627
 0.000173450
 0.000161529
 0.000145435
 0.000146627
 0.000157952
 0.000169873
 0.000181794
 0.000148416
 0.000146627
 0.000143051
 0.000138879
 0.000150204
 0.000150204
 0.000164509
 0.000149012
 0.000143051
 0.000120997
 0.000116825
 0.000150800
 0.000163317
 0.000190139
 0.000145435
 0.000135899
 0.000161529
 0.000141859
 0.000176430
 0.000159144
 0.000143051
 0.000076294
 0.000149012
 0.000236034
 0.000143051
 0.000241399
 0.000115037
 0.000039339
 0.000181794
 0.000129938
 0.000166297
 0.000225902
 0.000229478
 0.000119209
 0.000074506
 0.000135899
 0.000130534
 0.000169277
 0.000158548
 0.000161529
 0.000178814
 0.000164509
 0.000170469
 0.000134110
 0.000098348
 0.000100136
 0.000144839
 0.000181198
 0.000174046
 0.000168681
 0.000132322
 0.000119209
 0.000152588
 0.000180006
 0.000178218
 0.000141263
 0.000155568
 0.000149608
 0.000133514
 0.000153780
 0.000147820
 0.000176430
 0.000203252
 0.000191927
 0.000110865
 0.000094771
 0.000166297
 0.000166893
 0.000156164
 0.000105500
 0.000196099
 0.000178814
 0.000035763
 0.000236034
 0.000138879
 0.000147820
 0.000403523
 0.000022650
-0.000100136
 0.000175238
 0.000239015
 0.000210404
 0.000208020
 0.000188947
 0.000082850
 0.000097752
 0.000147223
 0.000190139
 0.000152588
 0.000141859
 0.000201464
 0.000156760
 0.000160933
 0.000131130
 0.000095963
 0.000100732
 0.000166297
 0.000178218
 0.000120401
 0.000207424
 0.000211000
 0.000180006
 0.000114441
 0.000001788
 0.000143647
 0.000260472
 0.000122190
 0.000105500
 0.000206828
 0.000134706
 0.000153780
 0.000194907
 0.000114441
 0.000092387
 0.000109673
 0.000182986
 0.000153184
 0.000149012
 0.000165105
 0.000123978
 0.000106096
 0.000084639
 0.000210404
 0.000170469
 0.000219345
 0.000256896
-0.000021458
 0.000070930
 0.000236034
 0.000213981
 0.000143647
 0.000105500
 0.000196099
 0.000187755
 0.000134110
 0.000087619
 0.000189543
 0.000261068
 0.000128746
 0.000119805
 0.000140667
 0.000202060
 0.000222921
 0.000067949
 0.000088811
 0.000179410
 0.000205040
 0.000171661
 0.000120401
 0.000123978
 0.000100136
 0.000153780
 0.000194907
 0.000160336
 0.000126362
 0.000124574
 0.000144839
 0.000157952
 0.000155568
 0.000150800
 0.000146627
 0.000137687
 0.000164509
 0.000163913
 0.000151992
 0.000154972
 0.000169277
 0.000179410
 0.000126362
 0.000064969
 0.000172853
 0.000177622
 0.000208616
 0.000403523
 0.000044703
-0.000151992
 0.000193119
 0.000326037
 0.000352263
 0.000223517
-0.000072718
-0.000020266
 0.000281334
 0.000347495
 0.000120997
 0.000013113
 0.000194311
 0.000187755
 0.000184774
 0.000153780
 0.000104904
 0.000202060
 0.000075698
 0.000148416
 0.000275373
 0.000183582
 0.000103712
 0.000088215
 0.000199676
 0.000165105
 0.000101924
 0.000192523
 0.000226498
 0.000160933
 0.000118017
 0.000158548
 0.000182986
 0.000175834
 0.000126958
 0.000149608
 0.000200868
 0.000129938
 0.000116229
 0.000149012
 0.000222325
 0.000178218
 0.000091195
 0.000108480
 0.000195503
 0.000358820
 0.000094771
-0.000054836
 0.000156164
 0.000219941
 0.000229478
 0.000127554
 0.000154376
 0.000169873
 0.000137687
 0.000154376
 0.000123978
 0.000190139
 0.000181794
 0.000173450
 0.000168681
 0.000126362
 0.000159144
 0.000165105
 0.000172257
 0.000163317
 0.000154376
 0.000154376
 0.000149608
 0.000190735
 0.000170469
 0.000158548
 0.000200868
 0.000166893
 0.000126958
 0.000169873
 0.000146627
 0.000177622
 0.000140667
 0.000137091
 0.000205040
-0.000033975
 0.000078678
 0.000221729
 0.000469089
 0.000334978
-0.000392199
-0.000030398
 0.000426173
 0.000306964
 0.000057220
 0.000053644
 0.000271797
 0.000210404
-0.000023246
 0.000281334
 0.000471473
-0.000298619
-0.000011325
 0.000492930
 0.000262260
 0.000149012
 0.000017881
 0.000106096
 0.000138283
 0.000318289
 0.000164509
-0.000075102
 0.000255108
 0.000313520
 0.000045300
 0.000100136
 0.000266433
 0.000009537
 0.000194907
 0.000164509
 0.000205040
 0.000547171
-0.000180602
-0.000107288
 0.000283718
 0.000300407
 0.000241399
 0.000014305
 0.000112653
 0.000058413
 0.000290275
 0.000073910
 0.000265241
 0.000439882
-0.000255108
-0.000002384
 0.000399351
 0.000301600
 0.000011921
 0.000068545
 0.000202060
 0.000144243
 0.000184178
 0.000086427
 0.000175238
 0.000193715
 0.000188351
 0.000186563
 0.000104308
 0.000092387
 0.000168681
 0.000147223
 0.000156760
 0.000172257
 0.000069141
 0.000228286
 0.000033379
 0.000300407
 0.000330806
-0.000227690
 0.000115037
 0.000343919
 0.000283122
 0.000017881
 0.000072122
 0.000225306
 0.000121593
 0.000193119
 0.000129342
 0.000158548
 0.000129342
 0.000174642
 0.000180006
 0.000166893
 0.000157952
 0.000100136
 0.000160336
 0.000192523
 0.000231862
 0.000153184
 0.000092983
 0.000196695
 0.000166297
-0.000058413
 0.000329614
 0.000199080
-0.000106096
 0.000575781
 0.000082850
-0.000392199
 0.000331998
 0.000528693
 0.000101924
-0.000031590
 0.000224113
 0.000173450
 0.000118613
 0.000221729
 0.000121593
 0.000169277
 0.000125170
 0.000162125
 0.000128746
 0.000081658
 0.000247955
 0.000006557
 0.000486374
 0.000056624
-0.000173450
 0.000054836
 0.000306368
 0.001369119
-0.000564456
-0.000882149
 0.000532269
 0.000705123
 0.000284910
-0.000344515
 0.000416040
 0.000014305
 0.000196099
 0.000234842
-0.000002980
 0.000281930
-0.000026822
 0.000377297
 0.000047684
 0.000108480
 0.000228882
-0.000032783
 0.000220537
 0.000131130
 0.000250936
 0.000159740
 0.000107288
 0.000177622
 0.000017881
 0.000212789
 0.000094771
 0.000168681
 0.000300407
 0.000050664
 0.000202656
 0.000096560
 0.000150204
 0.000177622
 0.000081062
 0.000226498
 0.000091791
 0.000162721
 0.000157952
 0.000163317
 0.000215769
 0.000137687
 0.000169277
 0.000115633
 0.000123382
 0.000139475
 0.000148416
 0.000177026
 0.000179410
 0.000149012
 0.000140071
 0.000124574
 0.000146031
 0.000208616
 0.000104904
 0.000148416
 0.000135899
 0.000200272
 0.000337362
 0.000068545
-0.000032187
 0.000115037
 0.000248551
 0.000189543
 0.000148416
 0.000174046
 0.000120401
 0.000193715
 0.000133514
 0.000121593
 0.000136495
 0.000122786
 0.000169277
 0.000138879
 0.000184178
 0.000160336
 0.000138879
 0.000141263
 0.000146031
 0.000181198
 0.000134110
 0.000148416
 0.000146627
 0.000159144
 0.000165701
 0.000148416
 0.000167489
 0.000163913
 0.000175238
 0.000137687
 0.000172853
 0.000155568
 0.000118017
 0.000196695
 0.000156164
 0.000140667
 0.000155568
 0.000162721
 0.000161529
 0.000138283
 0.000162721
 0.000131726
 0.000157356
 0.000149012
 0.000169873
 0.000191927
 0.000106692
 0.000106692
 0.000060797
 0.000277758
 0.000336766
 0.000030398
 0.000047684
 0.000174046
 0.000222921
 0.000139475
 0.000128150
 0.000151396
 0.000123978
 0.000172257
 0.000160336
 0.000180602
 0.000137687
 0.000137687
 0.000180006
 0.000157356
 0.000164509
 0.000149012
 0.000128150
 0.000119209
 0.000135899
 0.000144243
 0.000172257
 0.000170469
 0.000152588
 0.000154376
 0.000137091
 0.000137091
 0.000136495
 0.000185966
 0.000176430
 0.000128746
 0.000138283
 0.000145435
 0.000172257
 0.000163317
 0.000159144
 0.000143051
 0.000139475
 0.000175834
 0.000155568
 0.000156760
 0.000147820
 0.000149608
 0.000177622
 0.000157952
 0.000169277
 0.000160336
 0.000165105
 0.000159144
 0.000124574
 0.000157356
 0.000157356
 0.000168681
 0.000163913
 0.000159740
 0.000145435
 0.000111461
 0.000125766
 0.000142455
 0.000254512
 0.000179410
 0.000079274
 0.000181794
 0.000181794
 0.000161529
 0.000108480
 0.000127554
 0.000159740
 0.000146031
 0.000194311
 0.000172257
 0.000188351
 0.000168085
 0.000143051
 0.000135303
 0.000148416
 0.000182986
 0.000154376
 0.000227094
