 0.001084805
 0.001049042
 0.000945926
 0.001179576
 0.000928640
 0.001505613
 0.000839829
 0.001090169
 0.001423955
 0.000634789
 0.001308322
 0.000852942
 0.000995994
 0.001208782
 0.000904202
 0.001369119
 0.001025796
 0.001124144
 0.001201034
 0.000925064
 0.001094937
 0.000998974
 0.000985265
 0.001135468
 0.001075268
 0.001120567
 0.001215339
 0.001057386
 0.001145005
 0.000992417
 0.001004338
 0.001090169
 0.000922680
 0.001292229
 0.000861287
 0.001260042
 0.001178384
 0.000708103
 0.001515746
 0.000740886
 0.001127124
 0.001235008
 0.000823736
 0.001427531
 0.000848174
 0.001191497
 0.001060367
 0.000906587
 0.001295805
 0.000825524
 0.001146197
 0.001120567
 0.001013875
 0.001257658
 0.001007915
 0.001073480
 0.001082420
 0.001004934
 0.001135468
 0.001068711
 0.001090169
 0.001093745
 0.001007915
 0.001103282
 0.001013875
 0.001065135
 0.001116395
 0.001037121
 0.001137853
 0.001010895
 0.001093149
 0.001074076
 0.001101494
 0.001145601
 0.001024008
 0.001128316
 0.001071692
 0.001080632
 0.000921488
 0.001158714
 0.000963807
 0.001165867
 0.001022220
 0.001271963
 0.001512766
-0.000127554
 0.002068877
 0.000862479
 0.000425577
 0.002360344
-0.000114441
 0.002047420
 0.000793934
 0.000519753
 0.002096295
-0.000012517
 0.001853108
 0.000900626
 0.000955462
 0.001546144
 0.000460148
 0.001465678
 0.000742078
 0.001189113
 0.001187921
 0.000921488
 0.001419187
 0.000889897
 0.001176000
 0.000950694
 0.000953078
 0.001119971
 0.001032352
 0.001220703
 0.001065731
 0.001149178
 0.001066327
 0.001092553
 0.000987649
 0.001033545
 0.001187325
 0.001006722
 0.001177788
 0.001035333
 0.001106858
 0.001036525
 0.000964403
 0.001080036
 0.000977516
 0.001251698
 0.001041889
 0.001131892
 0.001025200
 0.001015067
 0.001206398
 0.000870824
 0.001293421
 0.000991821
 0.001037717
 0.001296997
 0.000883937
 0.001163483
 0.001021624
 0.001020432
 0.001167059
 0.001007915
 0.001100898
 0.001059175
 0.001077056
 0.001130104
 0.001023412
 0.001099110
 0.001068115
 0.001038909
 0.001094937
 0.001074672
 0.001138449
 0.001067519
 0.001121759
 0.001032948
 0.001136661
 0.001118183
 0.000841022
 0.001115799
 0.001090765
 0.001182556
 0.001182556
 0.001102090
 0.001043081
 0.000928044
 0.001202822
 0.000922084
 0.001065731
 0.001172423
 0.001034737
 0.001256466
 0.000994802
 0.001043677
 0.001034141
 0.001006126
 0.001045465
 0.001066923
 0.001179576
 0.001024008
 0.001276135
 0.001042485
 0.000986457
 0.001129508
 0.000879765
 0.001265407
 0.001093149
 0.001027584
 0.001124740
 0.001004934
 0.001090765
 0.001068115
 0.001140237
 0.001022220
 0.001148582
 0.001099706
 0.001223087
 0.000980496
 0.000999570
 0.001223683
 0.000816584
 0.001243949
 0.000984669
 0.001456141
 0.001043081
 0.000675917
 0.001582503
 0.000604987
 0.001209378
 0.001152754
 0.000841022
 0.001422167
 0.000930429
 0.001205802
 0.000942945
 0.000958443
 0.001098514
 0.001009703
 0.001131296
 0.001080632
 0.001224279
 0.001032948
 0.001074076
 0.001068711
 0.001063347
 0.001067519
 0.001035333
 0.001173615
 0.001069903
 0.001068711
 0.001037717
 0.001111031
 0.001042485
 0.001050830
 0.001247525
 0.001083612
 0.001000762
 0.001029968
 0.001044273
 0.001035929
 0.001152158
 0.001023412
 0.001097322
 0.001092553
 0.001104474
 0.001125932
 0.000924468
 0.001248717
 0.000953674
 0.001322031
 0.000696778
 0.001153350
 0.001666546
 0.000073910
 0.001610518
 0.001115799
 0.000810623
 0.001483560
 0.000727177
 0.001239777
 0.000909567
 0.001261830
 0.000945926
 0.001036525
 0.001347661
 0.000930429
 0.001220703
 0.000923872
 0.001128912
 0.001018047
 0.000996590
 0.001149178
 0.001072288
 0.001145005
 0.001081228
 0.001094937
 0.001005530
 0.001059175
 0.000962019
 0.001255870
 0.000990033
 0.001140833
 0.000929236
 0.000905991
 0.001847744
 0.000362396
 0.001296997
 0.001376867
 0.000663400
 0.001737475
 0.000454783
 0.001304746
 0.001103282
 0.000824332
 0.001455545
 0.000688434
 0.001429915
 0.001028180
 0.001036525
 0.001215935
 0.000883937
 0.001215339
 0.000940561
 0.001249909
 0.001100898
 0.001029372
 0.001293421
 0.000859499
 0.001248717
 0.000930429
 0.001122952
 0.001206398
 0.000956059
 0.001418591
 0.000650287
 0.001344085
 0.000592470
 0.001794696
 0.001541376
-0.000712276
 0.002567172
 0.000918508
 0.000531673
 0.001567006
 0.000658631
 0.001541376
 0.000669956
 0.001593232
 0.000856519
 0.000976324
 0.001338720
 0.000601411
 0.001509190
 0.000788569
 0.001198053
 0.001131296
 0.000986457
 0.001314282
 0.000866652
 0.001170039
 0.000941157
 0.001119971
 0.001209974
 0.001032948
 0.001211762
 0.001029968
 0.001124740
 0.000910759
 0.000831485
 0.001302958
 0.000929236
 0.001370907
 0.001693964
 0.000419021
 0.001050830
 0.001087785
 0.000764728
 0.001604557
 0.000782013
 0.001204610
 0.001260042
 0.000824332
 0.001187921
 0.000727177
 0.001208782
 0.001191497
 0.001095533
 0.001274943
 0.000984669
 0.001061559
 0.000978112
 0.000969768
 0.001213551
 0.001014471
 0.001203418
 0.001191497
 0.000668764
 0.001455545
 0.000659823
 0.001375675
 0.001596212
 0.000098944
 0.001784563
 0.000866055
 0.001101494
 0.001330376
 0.000441074
 0.001559854
 0.000845790
 0.001273751
 0.001030564
 0.000845790
 0.001341701
 0.000877380
 0.001142621
 0.001019239
 0.001085997
 0.001088381
 0.001108050
 0.001088977
 0.001054406
 0.001121163
 0.000991225
 0.001169443
 0.001020432
 0.001094937
 0.001147389
 0.000978112
 0.001151562
 0.001033545
 0.001096725
 0.001149178
 0.000852942
 0.001172423
 0.001356006
 0.000930429
 0.000944734
 0.001122952
 0.001077652
 0.001158118
 0.001037121
 0.000948906
 0.001229644
 0.001091361
 0.000942349
 0.001095533
 0.001115203
 0.001105070
 0.001051426
 0.001062155
 0.001073480
 0.001103282
 0.001051426
 0.001001358
 0.001166463
 0.001086593
 0.001012683
 0.001097322
 0.001010299
 0.001435876
 0.000902414
 0.000903010
 0.001392365
 0.000461936
 0.001497865
 0.001107454
 0.000951886
 0.001415014
 0.000550747
 0.001703501
 0.000701547
 0.000957847
 0.001422167
 0.000571012
 0.001574755
 0.000829697
 0.001055002
 0.001310110
 0.000750422
 0.001210570
 0.001091361
 0.001120567
 0.001101494
 0.001031756
 0.001102090
 0.001040697
 0.001127720
 0.001078248
 0.001053214
 0.001130104
 0.001047254
 0.001065731
 0.001027584
 0.001035929
 0.001151562
 0.001086593
 0.001133084
 0.001156330
 0.001055002
 0.000965595
 0.001124740
 0.000994802
 0.001079440
 0.001161695
 0.000978708
 0.001211762
 0.000934601
 0.001418591
 0.000733733
 0.001010299
 0.001668334
 0.000447631
 0.001431108
 0.000855327
 0.001395941
 0.001169443
 0.000463724
 0.001701117
 0.000568628
 0.001433492
 0.000873804
 0.001018047
 0.001580119
 0.000600815
 0.001529455
 0.000768304
 0.001044869
 0.001240373
 0.000761151
 0.001283288
 0.001062751
 0.001096725
 0.001128316
 0.001088977
 0.001062751
 0.000993609
 0.001161695
 0.001075864
 0.001057386
 0.001145005
 0.000967979
 0.001095533
 0.001132488
 0.000995398
 0.001025796
 0.001169443
 0.001104474
 0.001063347
 0.001183748
 0.000972748
 0.001128316
 0.001069903
 0.001000762
 0.001162887
 0.001005530
 0.001140237
 0.001091957
 0.001002550
 0.001151562
 0.001039505
 0.001001358
 0.001229048
 0.001050234
 0.001009703
 0.001130700
 0.001100302
 0.001198053
 0.000931025
 0.001026392
 0.001154542
 0.001046062
 0.001209974
 0.000985861
 0.001011491
 0.001299381
 0.000756979
 0.001084208
 0.001469851
 0.000787377
 0.001124740
 0.001081824
 0.001130700
 0.001186132
 0.000830293
 0.001265407
 0.000998378
 0.000999570
 0.001148582
 0.000973940
 0.001119971
 0.001072288
 0.001097322
 0.001189113
 0.001118183
 0.001055002
 0.000895858
 0.001049042
 0.001269579
 0.000860095
 0.001268387
 0.001035929
 0.000916123
 0.001438260
 0.000749230
 0.001245737
 0.001168847
 0.000896454
 0.001335740
 0.000953674
 0.001153350
 0.000970364
 0.001012683
 0.001187921
 0.001080632
 0.001229048
 0.000792742
 0.001296997
 0.001220107
 0.000686049
 0.001281500
 0.001065731
 0.001209378
 0.001119971
 0.000790358
 0.001217127
 0.001125932
 0.001008511
 0.001095533
 0.001110435
 0.001073480
 0.001174212
 0.000960827
 0.001071095
 0.001097322
 0.000904799
 0.001215339
 0.001055002
 0.001121163
 0.001218915
 0.001202822
 0.000629425
 0.000983477
 0.001620054
 0.000684857
 0.001181960
 0.001099110
 0.001029372
 0.001308918
 0.000839233
 0.001100898
 0.001034141
 0.001261234
 0.000809431
 0.001250505
 0.001199841
 0.000721812
 0.001474619
 0.000737906
 0.001235604
 0.001075268
 0.000954270
 0.001403689
 0.000738502
 0.001419187
 0.000694990
 0.000889897
 0.001620054
 0.000786781
 0.001140237
 0.001060367
 0.001141429
 0.001218915
 0.000919104
 0.001031160
 0.000972152
 0.001233816
 0.001093745
 0.000993013
 0.001100302
 0.001055002
 0.001172423
 0.001060367
 0.001154542
 0.000993609
 0.000940561
 0.000973940
 0.001047850
 0.001553297
 0.000794530
 0.000979304
 0.001365542
 0.000796318
 0.001465082
 0.000747442
 0.000771284
 0.001552105
 0.000886321
 0.001274347
 0.000987053
 0.000912547
 0.001336336
 0.000922084
 0.001180768
 0.001049042
 0.001134872
 0.001261234
 0.000774264
 0.001146197
 0.001153946
 0.001006126
 0.001262426
 0.001022816
 0.001162291
 0.001111627
 0.000945330
 0.001180172
 0.001025200
 0.001150966
 0.001144409
 0.001052618
 0.001115203
 0.001000762
 0.001116991
 0.001001954
 0.001086593
 0.001150966
 0.001071095
 0.001142621
 0.001111031
 0.001059771
 0.000951886
 0.001196265
 0.001013279
 0.001185536
 0.001242161
 0.000852346
 0.001302361
 0.000947714
 0.001096725
 0.001140237
 0.000888109
 0.001393557
 0.000923276
 0.001131296
 0.001155138
 0.000886917
 0.001226068
 0.001034737
 0.001122355
 0.001114607
 0.001084208
 0.001108050
 0.001056194
 0.001071095
 0.001017451
 0.001125932
 0.001115799
 0.001136065
 0.001147389
 0.001065731
 0.001057982
 0.001119375
 0.001082420
 0.001069307
 0.001055598
 0.001010895
 0.001169443
 0.001057982
 0.001072288
 0.001131296
 0.001051426
 0.001171231
 0.001063943
 0.001068711
 0.001080632
 0.001066923
 0.001038909
 0.001053810
 0.001099706
 0.001057982
 0.001115799
 0.000922084
 0.001268387
 0.001010895
 0.001051426
 0.001434684
 0.000650883
 0.001272559
 0.001003742
 0.000851154
 0.001425743
 0.000764132
 0.001276731
 0.001141429
 0.001093745
 0.001288652
 0.000762343
 0.001072884
 0.001057386
 0.000967383
 0.001157522
 0.001156926
 0.001119375
 0.001147985
 0.001053214
 0.001001954
 0.001123548
 0.001035929
 0.001112819
 0.001118183
 0.001059771
 0.001152754
 0.001038909
 0.001084805
 0.001096129
 0.001055002
 0.001169443
 0.001061559
 0.001025796
 0.001057982
 0.001102090
 0.001096129
 0.001020432
 0.001049042
 0.001055002
 0.001141429
 0.001045465
 0.001090169
 0.001103282
 0.001000166
 0.001105070
 0.000986457
 0.001124740
 0.001077652
 0.001103282
 0.001170039
 0.000967383
 0.001219511
 0.000993609
 0.001010299
 0.001086593
 0.001006722
 0.001220107
 0.000956655
 0.001133084
 0.001106858
 0.000981092
 0.001142621
 0.001014471
 0.001150370
 0.001103282
 0.001047254
 0.001101494
 0.001056790
 0.001065135
 0.001056194
 0.001101494
 0.001075268
 0.001092553
 0.001080036
 0.001056194
 0.001074076
 0.000998974
 0.001116395
 0.001112223
 0.001045465
 0.001159310
 0.001015663
 0.001098514
 0.001150370
 0.000990629
 0.001141429
 0.001090765
 0.001062155
 0.001111627
 0.001055002
 0.001076460
 0.001041293
 0.001067519
 0.001103282
 0.001090765
 0.001083612
 0.001055002
 0.001041889
 0.001078248
 0.001088381
 0.001085401
 0.001091957
 0.001078248
 0.001049042
 0.001062155
 0.001102090
 0.001068115
 0.001102686
 0.001108050
 0.001091361
 0.001054406
 0.001022220
 0.001116395
 0.001071692
 0.001093745
 0.001120567
 0.001096129
 0.001118183
 0.001009703
 0.001048446
 0.001078248
 0.001068711
 0.001146197
 0.001166463
 0.001122355
 0.001071692
 0.001115203
 0.001049638
 0.001077652
 0.000972152
 0.001087785
 0.001267195
 0.000920892
 0.001235604
 0.001156926
 0.000815392
 0.000950694
 0.001212955
 0.001323223
 0.000849366
 0.001082420
 0.001157522
 0.001178980
 0.001013279
 0.000975132
 0.001185536
 0.000871420
 0.001345873
 0.000935793
 0.001068115
 0.001299977
 0.000864267
 0.001260042
 0.000861287
 0.001140833
 0.001102686
 0.000989437
 0.001315475
 0.000880361
 0.001227260
 0.001021624
 0.001022220
 0.001233220
 0.000852346
 0.001227856
 0.000960231
 0.001149774
 0.001357198
 0.000778437
 0.001215935
 0.001007318
 0.001118183
 0.001174808
 0.000786185
 0.001416206
 0.000873208
 0.001027584
 0.001313686
 0.000782013
 0.001227856
 0.001011491
 0.001104474
 0.001161098
 0.000988245
 0.001229048
 0.000945330
 0.001067519
 0.001088977
 0.000997186
 0.001145005
 0.001060963
 0.001047254
 0.001192093
 0.001093149
 0.000985265
 0.001190305
 0.000856519
 0.001000762
 0.001367927
 0.001098514
 0.001115799
 0.000863075
 0.001194477
 0.001282692
 0.000667572
 0.001277924
 0.000854731
 0.001060963
 0.001896024
 0.000284314
 0.001116395
 0.001522303
 0.000542998
 0.001521707
 0.000680685
 0.001027584
 0.001460314
 0.000838637
 0.001298785
 0.000985265
 0.001111031
 0.000993609
 0.000997186
 0.001101494
 0.001062155
 0.001277924
 0.001008511
 0.001116395
 0.001101494
 0.001068115
 0.001060367
 0.000978112
 0.001055598
 0.001233220
 0.001272559
 0.000748634
 0.000947714
 0.001398921
 0.001066923
 0.001029968
 0.001005530
 0.001109838
 0.001265407
 0.000916719
 0.001037717
 0.001130700
 0.001116395
 0.001109838
 0.001044273
 0.001112819
 0.000987053
 0.001044869
 0.001047254
 0.001115203
 0.001136661
 0.001080632
 0.001156926
 0.001060367
 0.001035333
 0.001077056
 0.001062155
 0.001075268
 0.001109838
 0.001084805
 0.001093149
 0.001055598
 0.001093149
 0.001072884
 0.001009107
 0.001078844
 0.001147985
 0.001072288
 0.001204014
 0.001081228
 0.000609159
 0.001249313
 0.001234412
 0.001131296
 0.001288652
 0.000767112
 0.001128316
 0.001009107
 0.001013279
 0.001131892
 0.001109242
 0.001176000
 0.000987649
 0.001173615
 0.000890493
 0.001169443
 0.001082420
 0.000940561
 0.001304150
 0.000945926
 0.001150370
 0.001037717
 0.000940561
 0.001115203
 0.001059771
 0.001240373
 0.001119971
 0.001114607
 0.000996590
 0.000952482
 0.001056194
 0.001025796
 0.001165271
 0.001162291
 0.001160502
 0.001019239
 0.001057982
 0.001047850
 0.000929832
 0.001165867
 0.001088381
 0.001226068
 0.001109242
 0.000966191
 0.001218915
 0.000935197
 0.001037121
 0.001061559
 0.001047850
 0.001244545
 0.001078844
 0.001111627
 0.001035333
 0.001082420
 0.001066923
 0.000991821
 0.001153350
 0.001057386
 0.001131892
 0.001149178
 0.001060963
 0.001105666
 0.000992417
 0.001100898
 0.000993609
 0.000998974
 0.001240969
 0.000982285
 0.001207590
 0.001062155
 0.000962615
 0.001280904
 0.000824332
 0.001093745
 0.001170635
 0.000976324
 0.001242161
 0.001020432
 0.001115203
 0.001139045
 0.001001358
 0.001056790
 0.001005530
 0.001105666
 0.001098514
 0.001050830
 0.001137853
 0.001087189
 0.001081824
 0.001094341
 0.000956059
 0.001147985
 0.001136065
 0.001024604
 0.001137853
 0.000994802
 0.001214743
 0.001019835
 0.000900030
 0.001235008
 0.000973344
 0.001188517
 0.001127124
 0.000954270
 0.001237988
 0.000964999
 0.001085401
 0.001099706
 0.000988841
 0.001157522
 0.001028180
 0.001124740
 0.001081824
 0.001065731
 0.001088381
 0.001031756
 0.001076460
 0.001048446
 0.001118779
 0.001050830
 0.001084208
 0.001099706
 0.001086593
 0.001140833
 0.001045465
 0.001059771
 0.001043677
 0.001022816
 0.001096129
 0.001014471
 0.001076460
 0.001211762
 0.001043081
 0.001208782
 0.001049638
 0.000845790
 0.001254678
 0.001066923
 0.001103282
 0.001123548
 0.000969172
 0.001201034
 0.001013279
 0.001046658
 0.001081228
 0.001053810
 0.001173019
 0.001102686
 0.001118183
 0.001044273
 0.001077652
 0.001046658
 0.001068711
 0.001168847
 0.001066327
 0.001149774
 0.001087785
 0.001040101
 0.001065135
 0.001025796
 0.001139641
 0.001097322
 0.001143217
 0.001111031
 0.001070499
 0.001142621
 0.000990033
 0.001185536
 0.001050830
 0.000801086
 0.001205802
 0.001163483
 0.001067519
 0.001217723
 0.001081228
 0.001052022
 0.001060367
 0.000990629
 0.001148582
 0.001173019
 0.001044869
 0.001116395
 0.001114011
 0.001142621
 0.001067519
 0.000962615
 0.001096725
 0.001077652
 0.001091957
 0.001158118
 0.001058578
 0.001134276
 0.001124740
 0.001028180
 0.001126528
 0.001053214
 0.001111627
 0.001074672
 0.001077056
 0.001079440
 0.001034141
 0.001189709
 0.001148582
 0.001221895
 0.000815988
 0.001140237
 0.001145601
 0.000842810
 0.001405478
 0.000881553
 0.001288056
 0.001127720
 0.000833869
 0.001382828
 0.000805855
 0.001147389
 0.001073480
 0.001025200
 0.001289248
 0.001031160
 0.001147389
 0.000938177
 0.001096129
 0.001047850
 0.001012087
 0.001167059
 0.000995994
 0.001168251
 0.001097918
 0.001059771
 0.001078844
 0.001046658
 0.001127124
 0.001028776
 0.001145005
 0.001007915
 0.001067519
 0.001232028
 0.000886321
 0.001237988
 0.001010299
 0.000964403
 0.001391172
 0.000925064
 0.001255274
 0.001051426
 0.000925660
 0.001243353
 0.000895858
 0.001205802
 0.001120567
 0.001114607
 0.001207590
 0.000934601
 0.001136065
 0.000994205
 0.001038313
 0.001184940
 0.000860691
 0.001049638
 0.001310110
 0.001118183
 0.001017451
 0.001044869
 0.001030564
 0.001061559
 0.001026392
 0.001093745
 0.001222491
 0.001017451
 0.001140237
 0.000985861
 0.000974536
 0.001133680
 0.000857115
 0.001346469
 0.001183152
 0.001183748
 0.001180768
 0.000833869
 0.001167059
 0.000809431
 0.001033545
 0.001130700
 0.001136065
 0.001311302
 0.001028180
 0.001193881
 0.000923872
 0.000931621
 0.001034141
 0.001028776
 0.001226664
 0.001119375
 0.001191497
 0.001071692
 0.001004934
 0.000980496
 0.000950098
 0.001199841
 0.001116395
 0.001131892
 0.001167655
 0.001143217
 0.001106858
 0.000513196
 0.001105666
 0.001519322
 0.000795722
 0.001394749
 0.000989437
 0.000862479
 0.001421571
 0.000634789
 0.001227856
 0.001127124
 0.000940561
 0.001398921
 0.000951290
 0.001213551
 0.000875592
 0.000937581
 0.001229048
 0.001013279
 0.001180768
 0.001022816
 0.001134872
 0.001033545
 0.000979900
 0.001103282
 0.001062751
 0.001217723
 0.001061559
 0.001083612
 0.001035929
 0.000941753
 0.001424551
 0.000982285
 0.000772476
 0.001364350
 0.000883341
 0.001093149
 0.001223683
 0.000899434
 0.001336336
 0.000963211
 0.001100302
 0.001119375
 0.000877976
 0.001247525
 0.000891089
 0.001212955
 0.001184940
 0.001022816
 0.001192689
 0.000898838
 0.001255870
 0.000922084
 0.001054406
 0.001215339
 0.000913739
 0.001306534
 0.000953078
 0.001134276
 0.001128912
 0.000941753
 0.001244545
 0.000838041
 0.001167059
 0.001063347
 0.001019835
 0.001454949
 0.000745058
 0.001116991
 0.001184344
 0.000869036
 0.001221299
 0.000935197
 0.001196861
 0.001108050
 0.001049042
 0.001182556
 0.000956059
 0.001125932
 0.000988841
 0.001068711
 0.001128316
 0.001043081
 0.001137257
 0.001034141
 0.001065731
 0.001044869
 0.001085997
 0.001021028
 0.001066923
 0.001146197
 0.001024008
 0.001166463
 0.001034737
 0.001200438
 0.000844598
 0.001215339
 0.001204014
 0.000607967
 0.001654029
 0.000747442
 0.001359582
 0.001211166
 0.000564456
 0.001651049
 0.000504851
 0.001371503
 0.000970960
 0.001029372
 0.001446605
 0.000631213
 0.001490712
 0.000659823
 0.001198053
 0.001065731
 0.000914335
 0.001460910
 0.000795722
 0.001415610
 0.000869632
 0.000981092
 0.001181364
 0.000908375
 0.001261830
 0.001050234
 0.001079440
 0.001106262
 0.001126528
 0.000982285
 0.001139641
 0.000747442
 0.001632571
 0.001170039
 0.000253320
 0.001675487
 0.001045465
 0.001146793
 0.000975132
 0.001034737
 0.001257658
 0.001080036
 0.001108050
 0.000823736
 0.001356602
 0.000898838
 0.001148582
 0.001015067
 0.001246333
 0.000851750
 0.001268983
 0.000944138
 0.001137853
 0.001258850
 0.000743270
 0.001650453
 0.000141263
 0.002517104
-0.000730753
 0.002936125
-0.000468493
 0.001802444
 0.001892447
-0.001906753
 0.006543398
-0.006998777
 0.011352301
-0.010057092
 0.009309649
 0.003345013
-0.018418431
 0.034940839
-0.034226775
 0.023733377
 0.000560284
-0.022304654
 0.040668249
-0.041996241
 0.035054088
-0.014330149
-0.004976392
 0.025066733
-0.033927560
 0.037716031
-0.027765632
 0.015806556
 0.002949238
-0.015218854
 0.026579499
-0.027567744
 0.025927424
-0.014702082
 0.005089045
 0.009219646
-0.016223192
 0.022820830
-0.020089149
 0.016860962
-0.006430149
-0.000731945
 0.010910630
-0.013355613
 0.017346144
-0.013879538
 0.011164546
-0.002527833
-0.002155900
 0.010066032
-0.011180639
 0.013793111
-0.009053946
 0.006973147
-0.000017285
-0.002615452
 0.008331537
-0.007943511
 0.010062456
-0.005874038
 0.004935861
 0.000749826
-0.001897216
 0.006459951
-0.005543232
 0.007498860
-0.003948808
 0.003945231
 0.000806451
-0.000997186
 0.004898906
-0.003700852
 0.005774498
-0.002851486
 0.003599524
 0.000479817
-0.000134706
 0.003741980
-0.002450943
 0.005068779
-0.002470613
 0.003312230
 0.000410080
 0.000103116
 0.003560781
-0.002064109
 0.004049540
-0.001120567
 0.002337098
 0.000976920
 0.000350475
 0.002383590
-0.000452399
 0.002681613
-0.000284314
 0.002087355
 0.000516772
 0.001202226
 0.001496077
 0.000380874
 0.002076626
-0.000024438
 0.002157092
 0.000194311
 0.001611710
 0.001117587
 0.000619292
 0.001818538
 0.000125766
 0.002124310
 0.000184178
 0.001713634
 0.000801086
 0.000916719
 0.001768470
 0.000066757
 0.002296567
-0.000135303
 0.002045631
 0.000817180
 0.000418425
 0.002315044
-0.000156164
 0.002289414
 0.000120401
 0.001538396
 0.001477003
 0.000181794
 0.002201200
 0.000067353
 0.001654029
 0.001006722
 0.000880957
 0.001486540
 0.000658035
 0.001428127
 0.000823736
 0.001192689
 0.001154542
 0.001052618
 0.001205206
 0.001068115
 0.001071095
 0.001002550
 0.001101494
 0.001040101
 0.001156330
 0.001088381
 0.001131892
 0.000981092
 0.001130104
 0.001091361
 0.000907183
 0.001404881
 0.001029372
 0.001108646
 0.001050234
 0.001030564
 0.001149178
 0.000900626
 0.001368523
 0.000892282
 0.001268983
 0.001105666
 0.000858903
 0.001344681
 0.000744462
 0.001329780
 0.001068115
 0.001098514
 0.001343489
 0.000880957
 0.001205802
 0.000883341
 0.001085997
 0.001093149
 0.001053810
 0.001246929
 0.001001358
 0.001198649
 0.000990629
 0.001046658
 0.001102090
 0.001026392
 0.001237988
 0.001031756
 0.001103878
 0.001047850
 0.001061559
 0.001096129
 0.001019835
 0.001179576
 0.001044869
 0.001193285
 0.001145005
 0.001051426
 0.001132488
 0.000995994
 0.001050234
 0.001116395
 0.001144409
 0.001091957
 0.001124740
 0.001079440
 0.001088977
 0.001117587
 0.001029372
 0.001142621
 0.001087189
 0.001110435
 0.001124740
 0.001050234
 0.001109838
 0.001065731
 0.001106262
 0.001109838
 0.001099706
 0.001110435
 0.001071095
 0.001095533
 0.001057982
 0.001084208
 0.001089573
 0.001083016
 0.001142025
 0.001099706
 0.001098514
 0.001077056
 0.001047850
 0.001085997
 0.001077056
 0.001084208
 0.001125336
 0.001105070
 0.001077056
 0.001085997
 0.001078248
 0.001136065
 0.001063943
 0.001066923
 0.001134276
 0.001029968
 0.001098514
 0.001071095
 0.001102090
 0.001135468
 0.001068115
 0.001135468
 0.001060963
 0.001090765
 0.001052022
 0.001032352
 0.001124740
 0.001082420
 0.001142025
 0.001084208
 0.001125932
 0.001112223
 0.001046658
 0.001087785
 0.001040697
 0.001137853
 0.001056194
 0.001169443
 0.001089573
 0.001042485
 0.001073480
 0.001006126
 0.001161098
 0.000932217
 0.001353025
 0.000986457
 0.001069903
 0.001431108
 0.000759363
 0.001344681
 0.000912547
 0.001013279
 0.001277924
 0.000858903
 0.001307130
 0.000933409
 0.001158714
 0.001084208
 0.000976920
 0.001204610
 0.000904799
 0.001240969
 0.001045465
 0.001056194
 0.001178384
 0.000973940
 0.001196265
 0.001047850
 0.001058578
 0.001094937
 0.001021028
 0.001119375
 0.001073480
 0.001120567
 0.001113415
 0.001080632
 0.001086593
 0.001073480
 0.001039505
 0.001069307
 0.001119971
 0.001071095
 0.001065135
 0.001133084
 0.001199245
 0.001002550
 0.001046062
 0.001111031
 0.001003742
 0.001169443
 0.001092553
 0.001085401
 0.001153946
 0.001100898
 0.001032948
 0.001003146
 0.001130700
 0.001108646
 0.001097918
 0.001099706
 0.001077056
 0.001116395
 0.001059771
 0.001035333
 0.001085401
 0.001078844
 0.001086593
 0.001080632
 0.001070499
 0.001056790
 0.001088381
 0.001088977
 0.001071095
 0.001177788
 0.001057982
 0.001040697
 0.001121759
 0.001055598
 0.001105666
 0.001071095
 0.001073480
 0.001151562
 0.001108646
 0.001104474
 0.001093149
 0.001030564
 0.001094341
 0.001081824
 0.001099110
 0.001139641
 0.001061559
 0.001118779
 0.001069307
 0.001076460
 0.001066327
 0.001032948
 0.001115203
 0.001043081
 0.001121759
 0.001079440
 0.001048446
 0.001095533
 0.001068711
 0.001111031
 0.001083016
 0.001112819
 0.001047850
 0.001074076
 0.001050830
 0.001057982
 0.001116991
 0.001101494
 0.001154542
 0.001042485
 0.001128912
 0.001055002
 0.001038909
 0.001133680
 0.001022220
 0.001164079
 0.001086593
 0.001109838
 0.001097322
 0.000980496
 0.001106262
 0.001033545
 0.001105666
 0.001116395
 0.001096725
 0.001129508
 0.001062155
 0.001078844
 0.001060367
 0.001075268
 0.001077056
 0.001091361
 0.001088977
 0.001111627
 0.001081228
 0.001171231
 0.001031756
 0.000940561
 0.001237988
 0.000982285
 0.001094341
 0.001156330
 0.000923276
 0.001254082
 0.001084805
 0.001060963
 0.001184344
 0.000808835
 0.001128316
 0.001258254
 0.000966191
 0.001199841
 0.001030564
 0.001029968
 0.001187921
 0.000981092
 0.001136065
 0.001100898
 0.001026392
 0.001160502
 0.001059175
 0.001096725
 0.001065731
 0.001024008
 0.001202226
 0.001040697
 0.001074076
 0.001138449
 0.000999570
 0.001103878
 0.001010299
 0.001090169
 0.001129508
 0.001077652
 0.001173019
 0.001071095
 0.001122952
 0.001069307
 0.001018643
 0.001094937
 0.001059771
 0.001093149
 0.001085401
 0.001071095
 0.001124740
 0.001108646
 0.001046658
 0.001085997
 0.001097918
 0.001116991
 0.001099706
 0.001053214
 0.001078844
 0.001075864
 0.001071095
 0.001069903
 0.001102090
 0.001075864
 0.001111627
 0.001077652
 0.001021028
 0.001066923
 0.001033545
 0.001162887
 0.001141429
 0.001040101
 0.001109838
 0.001043677
 0.001052022
 0.001081824
 0.001053810
 0.001143813
 0.001133680
 0.001110435
 0.001137853
 0.001052022
 0.001066923
 0.001095533
 0.001101494
 0.001115203
 0.001109838
 0.001099706
 0.001031160
 0.001037717
 0.001010895
 0.001087785
 0.001094341
 0.001165867
 0.001195073
 0.000993609
 0.001217723
 0.001024604
 0.000963807
 0.001205206
 0.000953078
 0.001150370
 0.001109838
 0.001048446
 0.001159906
 0.000993609
 0.001155734
 0.001050234
 0.001108646
 0.001116395
 0.001049638
 0.001153350
 0.001016259
 0.001174808
 0.001028180
 0.001215935
 0.000963211
 0.001046658
 0.001366138
 0.000758171
 0.001256466
 0.001022220
 0.001106858
 0.001102686
 0.000911951
 0.001370311
 0.000805855
 0.001230836
 0.000998378
 0.001007915
 0.001299381
 0.000845790
 0.001255274
 0.001022816
 0.001093149
 0.001121163
 0.000969172
 0.001168847
 0.001031160
 0.001140833
 0.001093149
 0.001063943
 0.001091361
 0.001064539
 0.001091957
 0.001073480
 0.001114011
 0.001080036
 0.001088381
 0.001059175
 0.001086593
 0.001124740
 0.001066923
 0.001107454
 0.001072288
 0.001046062
 0.001087785
 0.001060367
 0.001101494
 0.001070499
 0.001131892
 0.001194477
 0.000981092
 0.001128912
 0.001112819
 0.001009703
 0.001136065
 0.001002550
 0.001137853
 0.001081228
 0.001026988
 0.001150370
 0.001043677
 0.001128912
 0.001083016
 0.001072884
 0.001143813
 0.001068115
 0.001109838
 0.001099110
 0.001078844
 0.001103282
 0.001048446
 0.001083016
 0.001093149
 0.001067519
 0.001127720
 0.001082420
 0.001100898
 0.001132488
 0.001055598
 0.001058578
 0.001069307
 0.001124144
 0.001103878
 0.001069307
 0.001125336
 0.001092553
 0.001106262
 0.001048446
 0.001063943
 0.001114607
 0.001096129
 0.001107454
 0.001016259
 0.001200438
 0.001117587
 0.000991225
 0.001190901
 0.001049638
 0.001154542
 0.001105070
 0.001017451
 0.001133084
 0.000957251
 0.001191497
 0.001009107
 0.001154542
 0.001149178
 0.000987053
 0.001351237
 0.000532269
 0.001590848
 0.001201630
 0.000506639
 0.001682639
 0.000542998
 0.001402497
 0.001141429
 0.000815392
 0.001419783
 0.000721216
 0.001473427
 0.000835657
 0.001153350
 0.001229048
 0.000876188
 0.001337528
 0.000802279
 0.001239181
 0.000939965
 0.001065135
 0.001251101
 0.000990033
 0.001273751
 0.001031756
 0.001158118
 0.000939369
 0.001161098
 0.000954866
 0.001225471
 0.000880957
 0.001243353
 0.001793504
-0.000374317
 0.002074242
 0.000870824
 0.000436902
 0.002416968
-0.000375509
 0.002351999
 0.000732541
 0.000483990
 0.002205968
-0.000315905
 0.002164245
 0.000712276
 0.000897050
 0.001841187
 0.000197887
 0.001694560
 0.000647306
 0.001121163
 0.001356602
 0.000783205
 0.001530647
 0.000849366
 0.001214743
 0.000983477
 0.000912547
 0.001292229
 0.000948906
 0.001211166
 0.001167059
 0.000989437
 0.001236200
 0.000869632
 0.001105070
 0.001169443
 0.000762343
 0.001723170
 0.000723004
 0.000950098
 0.001401901
 0.000609756
 0.001471043
 0.000802875
 0.001249313
 0.001188517
 0.000995994
 0.001379848
 0.000675321
 0.001270175
 0.000956655
 0.001073480
 0.001224875
 0.000970364
 0.001252890
 0.000954270
 0.001159310
 0.001077652
 0.001082420
 0.001162291
 0.001031160
 0.001164675
 0.000990629
 0.001092553
 0.001091957
 0.001028776
 0.001134276
 0.001041293
 0.001098514
 0.001084805
 0.001078248
 0.001095533
 0.001065135
 0.001104474
 0.001087189
 0.001098514
 0.001086593
 0.001031160
 0.001109242
 0.001133680
 0.001059175
 0.001148582
 0.001094937
 0.001032352
 0.001063943
 0.001021028
 0.001083016
 0.001060367
 0.001101494
 0.001137257
 0.001108050
 0.001080036
 0.001072884
 0.001119375
 0.001039505
 0.001121759
 0.001083016
 0.001060963
 0.001139045
 0.001074672
 0.001120567
 0.001039505
 0.001084805
 0.001088381
 0.001029968
 0.001088381
 0.001055002
 0.001094341
 0.001097918
 0.001186132
 0.001108646
 0.001015663
 0.001071095
 0.001004934
 0.001046062
 0.001122952
 0.001087785
 0.001109242
 0.001136065
 0.001083016
 0.001102686
 0.000976920
 0.001160502
 0.001000762
 0.000969172
 0.001329184
 0.000991225
 0.001192689
 0.001035333
 0.000968575
 0.001205206
 0.001054406
 0.001081228
 0.000954270
 0.001270771
 0.001119971
 0.001052618
 0.001115203
 0.000908375
 0.001131892
 0.001027584
 0.001102090
 0.001129508
 0.001120567
 0.001135468
 0.001051426
 0.001071095
 0.000979304
 0.001158118
 0.001021028
 0.001210570
 0.001072884
 0.001100302
 0.001140237
 0.000848174
 0.001304150
 0.000783205
 0.001288056
 0.000679493
 0.001461506
 0.001659989
 0.000029206
 0.001854300
 0.000492334
 0.001386404
 0.001208186
 0.000337362
 0.002177954
 0.000273585
 0.001603365
 0.000970960
 0.000684857
 0.001685023
 0.000376105
 0.001552701
 0.000990033
 0.001068711
 0.001296997
 0.000728369
 0.001413226
 0.000955462
 0.001022220
 0.001294613
 0.000754595
 0.001212358
 0.001112223
 0.000897050
 0.001309514
 0.000863075
 0.001326799
 0.001101494
 0.000913739
 0.001250505
 0.000796318
 0.001269579
 0.000955462
 0.001100898
 0.001100302
 0.001053214
 0.001145005
 0.000835061
 0.001772642
 0.000419021
 0.000874996
 0.001638532
 0.000658631
 0.001410246
 0.000850558
 0.001118779
 0.001108646
 0.001584291
 0.001145005
-0.000087619
 0.001535416
 0.001382232
 0.001049638
 0.001011491
 0.000882149
 0.001398325
 0.001095533
 0.000850558
 0.000984073
 0.001112223
 0.001041889
 0.001208186
 0.001083016
 0.001223683
 0.001118183
 0.000869632
 0.001172423
 0.000972748
 0.001101494
 0.001062751
 0.001147389
 0.001299977
 0.000926256
 0.001111031
 0.001089573
 0.001042485
 0.001056790
 0.001204610
 0.000997782
 0.000991225
 0.001343489
 0.000749230
 0.001628995
 0.001142025
 0.000331402
 0.001589060
 0.000982881
 0.001103282
 0.001151562
 0.000817180
 0.001410842
 0.001001358
 0.001120567
 0.001138449
 0.001093745
 0.001111627
 0.000900626
 0.001283884
 0.000991821
 0.000997186
 0.001234412
 0.000927448
 0.001196265
 0.001177192
 0.001026988
 0.001146197
 0.001013875
 0.001037121
 0.001025200
 0.001127124
 0.001196265
 0.001063943
 0.001179576
 0.001012087
 0.001019835
 0.001148582
 0.001240373
 0.001246333
 0.000393987
 0.001446009
 0.001605153
 0.000205636
 0.001640320
 0.000966787
 0.000852346
 0.001735091
 0.000534058
 0.001464486
 0.001051426
 0.000789165
 0.001385808
 0.000836849
 0.001248121
 0.001109838
 0.001075268
 0.001027584
 0.001094937
 0.001197457
 0.000856519
 0.001240373
 0.001126528
 0.001022220
 0.001251101
 0.001003146
 0.001071095
 0.001091361
 0.001057386
 0.001069903
 0.001087189
 0.001032352
 0.001122355
 0.001245141
 0.000926852
 0.001388788
 0.000746250
 0.000846982
 0.001341701
 0.000929832
 0.001646280
 0.000565052
 0.001378059
 0.001201630
 0.000488162
 0.001682043
 0.000436902
 0.001450181
 0.001116395
 0.000814199
 0.001613498
 0.000630021
 0.001277924
 0.000923872
 0.001114607
 0.001265407
 0.000929832
 0.001242757
 0.000935793
 0.001246333
 0.000866652
 0.001047850
 0.001220107
 0.000897646
 0.001170635
 0.001230240
 0.001389384
 0.000519156
 0.000997186
 0.001381040
 0.000811219
 0.001409650
 0.000874996
 0.001007915
 0.001358390
 0.000985265
 0.000962615
 0.001069307
 0.001179576
 0.001091361
 0.001146197
 0.001000762
 0.001224279
 0.000901818
 0.001030564
 0.001176596
 0.000944734
 0.001406670
 0.000742674
 0.001236200
 0.001190305
 0.000846982
 0.001242757
 0.000794530
 0.001304150
 0.000969768
 0.001180172
 0.001129508
 0.000997186
 0.001034141
 0.001040101
 0.001215935
 0.000805259
 0.002099872
-0.000298023
 0.001126528
 0.002318621
-0.000287294
 0.002459884
 0.000157952
 0.001009107
 0.001926422
 0.000120997
 0.002047420
-0.000015497
 0.001564622
 0.001464486
 0.000408292
 0.001791716
 0.000532269
 0.001405478
 0.000933409
 0.001051426
 0.001330376
 0.000713468
 0.001417994
 0.000817180
 0.001106858
 0.001162887
 0.000976920
 0.001166463
 0.000982285
 0.001015067
 0.001059175
 0.001214743
 0.000912547
 0.001503825
 0.000944138
 0.000674129
 0.001343489
 0.000935197
 0.001416802
 0.000733733
 0.001027584
 0.001469851
 0.000919700
 0.001287460
 0.000804663
 0.001165867
 0.001187325
 0.000918508
 0.001203418
 0.000995398
 0.001154542
 0.001089573
 0.001032352
 0.001091361
 0.001088977
 0.001097322
 0.001035929
 0.001142025
 0.001078844
 0.001059175
 0.001078248
 0.001053214
 0.001106858
 0.000991821
 0.001117587
 0.001029372
 0.001075864
 0.001187921
 0.001055598
 0.001092553
 0.000838637
 0.001240373
 0.000900626
 0.001214147
 0.001568794
 0.000548363
 0.001165867
 0.001041889
 0.001159906
 0.001080632
 0.000754595
 0.001406670
 0.001027584
 0.001257658
 0.001026392
 0.000945330
 0.001170039
 0.000970960
 0.001121163
 0.001050234
 0.001173019
 0.001016855
 0.001123548
 0.001136661
 0.000901222
 0.001174808
 0.001026988
 0.001065731
 0.001100302
 0.001018643
 0.001139045
 0.000936985
 0.001319647
 0.000872612
 0.001085401
 0.001346469
 0.000603795
 0.001640916
 0.000886321
 0.000919104
 0.001438260
 0.000629425
 0.001446605
 0.000931621
 0.001112819
 0.001159906
 0.000854135
 0.001291037
 0.000861287
 0.001397133
 0.001037717
 0.000879765
 0.001227260
 0.000957847
 0.001178980
 0.001021028
 0.001077652
 0.001102090
 0.001112223
 0.001074672
 0.001051426
 0.001110435
 0.001002550
 0.001140237
 0.000994205
 0.001105070
 0.001131892
 0.001071692
 0.001153946
 0.001006126
 0.001062155
 0.001052618
 0.001043677
 0.001112819
 0.001030564
 0.001221299
 0.001079440
 0.001107454
 0.001178980
 0.000882149
 0.001448393
 0.000525117
 0.001173615
 0.001503825
 0.000578165
 0.001720190
 0.000394583
 0.001341105
 0.001382232
 0.000354648
 0.001804233
 0.000696182
 0.001171231
 0.001257062
 0.000799894
 0.001330376
 0.000861287
 0.001205206
 0.001117587
 0.001001954
 0.001127720
 0.001009107
 0.001161098
 0.001089573
 0.001152754
 0.001118183
 0.001027584
 0.001048446
 0.000988841
 0.001121759
 0.001039505
 0.001221299
 0.001113415
 0.001043677
 0.001109838
 0.000923276
 0.001241565
 0.000882149
 0.001300573
 0.000700355
 0.001563430
 0.001789331
-0.000700951
 0.002263188
 0.000996590
 0.000132322
 0.002329946
 0.000025630
 0.001850724
 0.001243949
 0.000355840
 0.001671910
 0.000462532
 0.001361966
 0.001202226
 0.000916719
 0.001413822
 0.000887513
 0.000994802
 0.000982881
 0.000977516
 0.001209974
 0.001119971
 0.001190305
 0.001167655
 0.000951886
 0.001039505
 0.000988841
 0.001046658
 0.001183152
 0.001102686
 0.001184344
 0.001059175
 0.001024008
 0.001037717
 0.000976324
 0.001159906
 0.000986457
 0.001215339
 0.001202822
 0.000913143
 0.001189709
 0.000877976
 0.001063943
 0.001157522
 0.000988245
 0.001261830
 0.001065731
 0.001112819
 0.001102686
 0.001048446
 0.001109242
 0.001109838
 0.001074076
 0.001041889
 0.001089573
 0.001074672
 0.001122355
 0.001065731
 0.001198649
 0.000997186
 0.001072884
 0.001176000
 0.001055598
 0.001131892
 0.000900030
 0.001373291
 0.000994802
 0.001176596
 0.000882745
 0.000669956
 0.002290010
 0.000363588
 0.000667572
 0.001850128
 0.000711083
 0.001300573
 0.000780821
 0.001250505
 0.001161098
 0.000950694
 0.001305342
 0.000832081
 0.001342297
 0.001007318
 0.001097918
 0.001140833
 0.001000762
 0.001163483
 0.000955462
 0.001145601
 0.001084208
 0.001055002
 0.001230240
 0.000978112
 0.001158118
 0.001307726
 0.000667572
 0.001488924
 0.000943542
 0.000903606
 0.001638532
 0.000495911
 0.001351833
 0.000413656
 0.001882315
 0.001663566
-0.000703335
 0.002530813
 0.000764728
 0.000626445
 0.001777411
 0.000334382
 0.001663566
 0.001012087
 0.000982881
 0.001115203
 0.000968575
 0.001180768
 0.001071095
 0.001113415
 0.000994802
 0.001289845
 0.000996590
 0.001108646
 0.001119375
 0.001016855
 0.001043677
 0.001128316
 0.001209974
 0.000925064
 0.001272559
 0.001065731
 0.000891089
 0.001201034
 0.001000166
 0.001099706
 0.001099110
 0.001021028
 0.001185536
 0.001013279
 0.001077056
 0.001034737
 0.000897050
 0.001158118
 0.001097918
 0.001125932
 0.001184940
 0.001163483
 0.001104474
 0.001041889
 0.001021624
 0.000957251
 0.001081824
 0.001120567
 0.001189709
 0.000931025
 0.001343489
 0.001340508
 0.000524521
 0.001220107
 0.001065135
 0.000762939
 0.001347065
 0.001046062
 0.001227856
 0.001227260
 0.000905395
 0.001115203
 0.000975132
 0.001015663
 0.001124740
 0.001104474
 0.001184344
 0.001084208
 0.001053810
 0.001000166
 0.001046658
 0.001062751
 0.001083612
 0.001164079
 0.001102686
 0.001162887
 0.001037121
 0.001000166
 0.001062155
 0.001019239
 0.001121163
 0.001103282
 0.001114011
 0.001130104
 0.001083612
 0.001066327
 0.001059771
 0.001057982
 0.001064539
 0.001126528
 0.001081824
 0.001074672
 0.001058578
 0.001038909
 0.001084208
 0.001064539
 0.001048446
 0.001082420
 0.001127124
 0.001049042
 0.001072884
 0.001037121
 0.000984669
 0.001150966
 0.001145005
 0.001054406
 0.001112819
 0.001119375
 0.000974536
 0.001074076
 0.001055598
 0.001087785
 0.001187325
 0.001024604
 0.001158118
 0.000914335
 0.001131892
 0.001160502
 0.000800490
 0.001343489
 0.000963807
 0.001118183
 0.001272559
 0.000776649
 0.001222491
 0.000988245
 0.001052022
 0.001144409
 0.000965595
 0.001237988
 0.001044273
 0.001076460
 0.001091361
 0.001020432
 0.001085401
 0.001063347
 0.001095533
 0.001079440
 0.001104474
 0.001090169
 0.001078844
 0.001038909
 0.001080036
 0.001059771
 0.001069903
 0.001183152
 0.001059175
 0.001187325
 0.001107454
 0.000986457
 0.001130104
 0.001013279
 0.001114607
 0.001105666
 0.001099706
 0.001122952
 0.001082420
 0.001037121
 0.001083612
 0.001153350
 0.000916123
 0.001114607
 0.001102686
 0.001384020
 0.000978112
 0.000671744
 0.001413226
 0.000808239
 0.001161695
 0.001232028
 0.000945926
 0.001298785
 0.000908971
 0.001152754
 0.001015663
 0.001009703
 0.001192689
 0.001071095
 0.001156330
 0.001048446
 0.001041293
 0.001032948
 0.001053810
 0.001119971
 0.001141429
 0.001094937
 0.001095533
 0.001032948
 0.001005530
 0.001059175
 0.001054406
 0.001145005
 0.001104474
 0.001125336
 0.001099706
 0.000989437
 0.001152754
 0.001049042
 0.001061559
 0.001070499
 0.001080632
 0.001120567
 0.000919700
 0.001211166
 0.000945926
 0.001407862
 0.001118183
 0.000522733
 0.001650453
 0.000800490
 0.000974536
 0.001291037
 0.000695586
 0.001417398
 0.000985861
 0.001089573
 0.001215935
 0.000885129
 0.001177192
 0.001123548
 0.001104474
 0.001087785
 0.001066923
 0.001044273
 0.001078844
 0.001103282
 0.001029372
 0.001060367
 0.001057386
 0.001091957
 0.001077056
 0.001062751
 0.001112819
 0.001090765
 0.001100898
 0.001112223
 0.001081228
 0.001063943
 0.001079440
 0.001074672
 0.001108646
 0.001119375
 0.001099706
 0.001099110
 0.001050234
 0.001066923
 0.001057386
 0.001087785
 0.001144409
 0.001121759
 0.001105070
 0.001073480
 0.001084805
 0.001061559
 0.001059771
 0.001085401
 0.001060367
 0.001118183
 0.001123548
 0.001044869
 0.001041293
 0.001049042
 0.001081824
 0.001115203
 0.001221299
 0.001125932
 0.000953674
 0.001128912
 0.001052618
 0.001009107
 0.001088977
 0.001080632
 0.001184344
 0.001114011
 0.001073480
 0.001046062
 0.001039505
 0.001053214
 0.001053214
 0.001099110
 0.001118183
 0.001134276
 0.001065135
 0.001065135
 0.001062751
 0.001038909
 0.001057386
 0.001072288
 0.001087189
 0.001071692
 0.001100898
 0.001084208
 0.001063943
 0.001068711
 0.001047254
 0.001091361
 0.001074672
 0.001106858
 0.001132488
 0.001078248
 0.001137853
 0.001026392
 0.001103878
 0.001029968
 0.001016855
 0.001106858
 0.000916123
 0.001409054
 0.000956655
 0.001014471
 0.001412034
 0.000706911
 0.001268983
 0.000889301
 0.000987649
 0.001495481
 0.000749230
 0.001258254
 0.001063943
 0.000919104
 0.001230240
 0.000890493
 0.001181960
 0.001119971
 0.001077056
 0.001136661
 0.000965595
 0.001113415
 0.001031756
 0.001091361
 0.001165867
 0.001075864
 0.001093745
 0.001028776
 0.001045465
 0.001043677
 0.001099706
 0.001120567
 0.001129508
 0.001137853
 0.001050830
 0.001078248
 0.001021028
 0.001083612
 0.001058578
 0.001120567
 0.001203418
 0.001053214
 0.001188517
 0.000959635
 0.001023412
 0.001099110
 0.001003742
 0.001218915
 0.000992417
 0.001186728
 0.000953674
 0.001004338
 0.001304746
 0.000966191
 0.001279116
 0.000993609
 0.000925660
 0.001138449
 0.000993013
 0.001082420
 0.001146197
 0.001226664
 0.001055598
 0.001127124
 0.000983477
 0.000936389
 0.001068115
 0.001041293
 0.001205802
 0.001116395
 0.001156926
 0.001067519
 0.000984669
 0.001041293
 0.000994205
 0.001140237
 0.001164079
 0.001108050
 0.001122952
 0.001025200
 0.000967979
 0.001086593
 0.001038909
 0.001100898
 0.001114607
 0.001107454
 0.001206398
 0.000967979
 0.001043081
 0.001025200
 0.001045465
 0.001215339
 0.001021624
 0.001176596
 0.001079440
 0.001019835
 0.001134276
 0.000982285
 0.001140833
 0.001051426
 0.001086593
 0.001111627
 0.001081824
 0.001167655
 0.000812411
 0.001107454
 0.001171827
 0.001000166
 0.001212358
 0.001008511
 0.001081228
 0.001006126
 0.001095533
 0.001108050
 0.000984073
 0.001206994
 0.000951290
 0.001177192
 0.001018047
 0.000986457
 0.001250505
 0.000863075
 0.001267195
 0.001070499
 0.000993609
 0.001162291
 0.000900626
 0.001154542
 0.001043081
 0.001140833
 0.001100898
 0.001080632
 0.001153946
 0.000997782
 0.001078248
 0.001012683
 0.001143217
 0.001096725
 0.001093745
 0.001150966
 0.000994205
 0.001087189
 0.001057982
 0.001056194
 0.001124144
 0.001071095
 0.001196861
 0.001014471
 0.001103282
 0.001083016
 0.000868440
 0.001559854
 0.000689626
 0.000967979
 0.001736879
 0.000513196
 0.001394749
 0.000820756
 0.000859499
 0.001794100
 0.000462532
 0.001587272
 0.001005530
 0.000720620
 0.001758933
 0.000438094
 0.001260638
 0.001071692
 0.000874400
 0.001469254
 0.000813007
 0.001438856
 0.000928640
 0.000962615
 0.001291037
 0.000827909
 0.001264811
 0.001054406
 0.001136065
 0.001112223
 0.001025200
 0.001199245
 0.000964403
 0.001145005
 0.001118779
 0.001091361
 0.001137257
 0.001054406
 0.001077652
 0.001017451
 0.001083612
 0.001165271
 0.001117587
 0.000943542
 0.001246333
 0.001027584
 0.000900626
 0.001370907
 0.000857115
 0.001226068
 0.001208186
 0.001011491
 0.001262426
 0.000773668
 0.001223683
 0.000994205
 0.001033545
 0.001245737
 0.000952482
 0.001319051
 0.001052022
 0.001084208
 0.001077652
 0.000950694
 0.001135468
 0.001045465
 0.001109242
 0.001147389
 0.001099110
 0.001078248
 0.001069903
 0.001095533
 0.001094341
 0.001078248
 0.001162887
 0.001085997
 0.001048446
 0.001119971
 0.001006722
 0.001125932
 0.001050234
 0.001022816
 0.001222491
 0.001087785
 0.001024604
 0.001044273
 0.001001358
 0.001062751
 0.001361966
 0.000873804
 0.000995398
 0.001442432
 0.000900626
 0.001174212
 0.000888705
 0.001081824
 0.001558065
 0.000689030
 0.000783801
 0.001546144
 0.000955462
 0.000981092
 0.001264215
 0.000748038
 0.001494884
 0.000842810
 0.001133084
 0.001246929
 0.000645518
 0.001506805
 0.000751615
 0.001382828
 0.000995994
 0.000855327
 0.001336336
 0.000857115
 0.001400113
 0.000593662
 0.001565814
 0.001028776
 0.000529289
 0.001584291
 0.000734925
 0.001466274
 0.000954866
 0.001097322
 0.001283288
 0.000807643
 0.001270771
 0.000835061
 0.001534224
 0.000635982
 0.000895262
 0.001612902
 0.000713468
 0.001379848
 0.000921488
 0.001114011
 0.001205802
 0.000852346
 0.001223683
 0.000824928
 0.001223087
 0.001151562
 0.001031756
 0.001222491
 0.001031160
 0.001136661
 0.001004338
 0.000991821
 0.001124144
 0.001078248
 0.001076460
 0.001246929
 0.000807643
 0.001139641
 0.001391768
 0.000681281
 0.001082420
 0.001268387
 0.001053810
 0.001115799
 0.001026988
 0.000914335
 0.001238585
 0.001057386
 0.001026988
 0.001212955
 0.001000166
 0.001243949
 0.000923276
 0.001132488
 0.001103878
 0.000930429
 0.001220107
 0.000945926
 0.001162291
 0.001130700
 0.001010895
 0.001152158
 0.000939369
 0.001145601
 0.001261830
 0.000982881
 0.001299977
 0.000798702
 0.000973940
 0.001371503
 0.000866652
 0.001325011
 0.000921488
 0.001154542
 0.001257658
 0.000811219
 0.001259446
 0.000913143
 0.001132488
 0.001153946
 0.000954866
 0.001328588
 0.000878572
 0.001133084
 0.000995994
 0.001026988
 0.001208186
 0.000976920
 0.001515150
 0.000232458
 0.002091527
 0.000964999
 0.000050664
 0.002335906
-0.000332594
 0.002251267
 0.000844002
 0.000537634
 0.002176762
-0.000225306
 0.002357960
 0.000098944
 0.001236200
 0.001633167
 0.000203848
 0.002224445
 0.000249147
 0.001471639
 0.001050830
 0.000699162
 0.001625419
 0.000573397
 0.001460910
 0.000917315
 0.001020432
 0.001215935
 0.000805855
 0.001400709
 0.000653863
 0.001502037
 0.001251101
 0.000479221
 0.001722574
 0.000602603
 0.001108646
 0.001299977
 0.000694990
 0.001479983
 0.000836849
 0.001212955
 0.001116991
 0.000951290
 0.001209378
 0.000950098
 0.001209378
 0.001021028
 0.001033545
 0.001103878
 0.001034737
 0.001126528
 0.001109242
 0.001081824
 0.001071692
 0.000995994
 0.001211166
 0.001066327
 0.000904799
 0.001301169
 0.000948906
 0.001139641
 0.001088977
 0.000956655
 0.001295209
 0.000815988
 0.001208782
 0.001107454
 0.001012087
 0.001219511
 0.000874996
 0.001217723
 0.001032948
 0.001051426
 0.001145005
 0.000998378
 0.001108050
 0.001078844
 0.001138449
 0.000972152
 0.001141429
 0.001117587
 0.001032352
 0.001171231
 0.000990629
 0.001112223
 0.001051426
 0.001062155
 0.001130104
 0.001077652
 0.001161695
 0.001059771
 0.001087785
 0.001038909
 0.001108050
 0.001074672
 0.001048446
 0.001162291
 0.000978112
 0.001160502
 0.001105666
 0.000999570
 0.001155138
 0.001047850
 0.001106262
 0.001116991
 0.001073480
 0.001046062
 0.001069903
 0.001053214
 0.001080036
 0.001106262
 0.001096129
 0.001192689
 0.000901818
 0.001034737
 0.001185536
 0.001105666
 0.001096129
 0.000992417
 0.001241565
 0.000975132
 0.001053810
 0.001108050
 0.000950098
 0.001276731
 0.001028776
 0.001103282
 0.001071692
 0.000969172
 0.001105070
 0.000972152
 0.001127720
 0.001088977
 0.001099110
 0.001137257
 0.001043081
 0.001072288
 0.001025200
 0.001084208
 0.001116991
 0.001052022
 0.001134276
 0.001155138
 0.001011491
 0.001055002
 0.001055598
 0.001056194
 0.001151562
 0.001090765
 0.001091361
 0.001090765
 0.001076460
 0.001086593
 0.001037717
 0.001065135
 0.001086593
 0.001100302
 0.001120567
 0.001050830
 0.001115203
 0.001083612
 0.001075864
 0.001132488
 0.001001954
 0.001111031
 0.001083612
 0.001040101
 0.001078844
 0.001025200
 0.001122355
 0.001090169
 0.001142621
 0.001070499
 0.001033545
 0.001046062
 0.001019239
 0.001168847
 0.000987053
 0.001116991
 0.001197457
 0.001069307
 0.001153946
 0.001025200
 0.001060367
 0.001091361
 0.001123548
 0.001108646
 0.001091957
 0.001085997
 0.001021028
 0.001061559
 0.001097322
 0.001077056
