-0.006775260
-0.005709529
-0.006302595
-0.005784035
-0.005023479
-0.007540584
-0.005258322
-0.006641150
-0.006737709
-0.004942417
-0.006494522
-0.005352497
-0.006093383
-0.006430149
-0.005915165
-0.006574392
-0.005842447
-0.005815029
-0.006175637
-0.005869865
-0.006234050
-0.006176829
-0.005933642
-0.006108284
-0.005785823
-0.006049275
-0.006136298
-0.005985498
-0.006405711
-0.005798936
-0.006240606
-0.005872250
-0.005912781
-0.006732345
-0.004965663
-0.007011294
-0.005916953
-0.005117059
-0.007404685
-0.004940629
-0.006465912
-0.006257892
-0.005545616
-0.006834865
-0.005351901
-0.006496310
-0.005984902
-0.005703568
-0.006511211
-0.005597472
-0.006467700
-0.006022453
-0.005938411
-0.006377697
-0.005660057
-0.006192923
-0.005944967
-0.006067753
-0.006215572
-0.005984902
-0.006192327
-0.005919337
-0.006117821
-0.006015897
-0.005986691
-0.006200671
-0.006012321
-0.006101131
-0.006028414
-0.006036758
-0.006000996
-0.006039739
-0.006150603
-0.005909204
-0.006378293
-0.005746484
-0.006392598
-0.005830526
-0.005959868
-0.006408095
-0.005534291
-0.006874204
-0.004083514
-0.009080768
-0.005034208
-0.003280640
-0.010580420
-0.001763105
-0.007999539
-0.007253885
-0.003768802
-0.008684397
-0.003158450
-0.007297397
-0.006127954
-0.005449057
-0.007488728
-0.004988313
-0.006585717
-0.005635023
-0.005852580
-0.006290674
-0.005936623
-0.006368160
-0.005943775
-0.006011724
-0.006035566
-0.005965829
-0.006072521
-0.006176829
-0.006073117
-0.005937219
-0.006071329
-0.006009340
-0.006002784
-0.006123781
-0.006051660
-0.006143451
-0.006021261
-0.006089807
-0.005995631
-0.005980134
-0.006189942
-0.005924106
-0.006115437
-0.006121993
-0.006072521
-0.005979538
-0.006245375
-0.006031990
-0.005686879
-0.006545186
-0.005657673
-0.006055236
-0.006723404
-0.005210638
-0.006381273
-0.006192327
-0.005366802
-0.006784201
-0.005794764
-0.006065965
-0.006325245
-0.005549788
-0.006415844
-0.005809665
-0.006161928
-0.006281734
-0.005832911
-0.006337762
-0.005791187
-0.005975366
-0.006096959
-0.005943179
-0.006171465
-0.006119609
-0.006082058
-0.006202459
-0.005987287
-0.005909801
-0.006166101
-0.005796552
-0.006330609
-0.005816817
-0.005935431
-0.006713867
-0.005556941
-0.006428957
-0.005826950
-0.005639791
-0.006631613
-0.005620122
-0.006510615
-0.006075501
-0.005755424
-0.006409883
-0.005556941
-0.006235242
-0.006173849
-0.005905032
-0.006508231
-0.005807281
-0.006070733
-0.006102920
-0.005694032
-0.006316900
-0.005949736
-0.006185174
-0.006201863
-0.005773902
-0.006295443
-0.005837679
-0.005992055
-0.006216168
-0.005910993
-0.006260276
-0.005989075
-0.006021857
-0.006067753
-0.005907416
-0.006381273
-0.005655885
-0.005985498
-0.006601810
-0.005423427
-0.006583333
-0.005879402
-0.005831718
-0.007094741
-0.004741549
-0.006511807
-0.006354451
-0.005334020
-0.006954670
-0.005303025
-0.006325841
-0.006119609
-0.005698800
-0.006616712
-0.005594492
-0.006391406
-0.005977750
-0.005941391
-0.006330013
-0.005754232
-0.006304383
-0.005967021
-0.006038547
-0.006116033
-0.005933642
-0.006082058
-0.005846620
-0.006259084
-0.006085038
-0.005968809
-0.006049871
-0.006129742
-0.006034970
-0.005772710
-0.006492138
-0.005970001
-0.005914569
-0.006313324
-0.005839467
-0.006033182
-0.006162524
-0.005977750
-0.006163716
-0.006131530
-0.005965233
-0.006006360
-0.006000996
-0.006182790
-0.005533099
-0.007175803
-0.005245209
-0.005638599
-0.007823706
-0.003601909
-0.007723570
-0.006257296
-0.004751086
-0.007686615
-0.004175901
-0.007156730
-0.006052852
-0.005518198
-0.006994605
-0.005216002
-0.006514788
-0.005788207
-0.006072521
-0.006300211
-0.005838275
-0.006155968
-0.005977750
-0.005981922
-0.006102920
-0.006107688
-0.006032586
-0.006225705
-0.005933046
-0.006203651
-0.005809665
-0.006180406
-0.005922914
-0.006377697
-0.006169081
-0.005012155
-0.007612109
-0.004739761
-0.006112456
-0.007294416
-0.004389286
-0.007554293
-0.005030036
-0.006087422
-0.006799698
-0.004983544
-0.007069111
-0.005281568
-0.006340742
-0.006244183
-0.005632043
-0.006567240
-0.005611777
-0.006248951
-0.005937815
-0.006031990
-0.006160736
-0.005910397
-0.006228685
-0.006006956
-0.006149411
-0.005899072
-0.006135106
-0.005883574
-0.006106496
-0.006055832
-0.006312728
-0.005868077
-0.005175471
-0.007779598
-0.004519820
-0.006073117
-0.007873178
-0.003818870
-0.007547736
-0.005413890
-0.005537868
-0.007430315
-0.004631281
-0.006983876
-0.005782247
-0.005726218
-0.006549358
-0.005529523
-0.006378889
-0.005948544
-0.005973577
-0.006128550
-0.006101131
-0.005982518
-0.006061792
-0.006164312
-0.005932450
-0.006177425
-0.005986691
-0.006075501
-0.006051064
-0.005899072
-0.006173849
-0.006318688
-0.005828738
-0.005317330
-0.006566048
-0.006543994
-0.005552769
-0.006151795
-0.006321669
-0.005872846
-0.005732775
-0.006223321
-0.006082058
-0.006250739
-0.006313324
-0.005722642
-0.006114244
-0.005869865
-0.005986691
-0.006301999
-0.006084442
-0.006157160
-0.005952716
-0.006008744
-0.005988479
-0.005907416
-0.006272793
-0.006065369
-0.006114841
-0.006439686
-0.005695820
-0.005538464
-0.006271005
-0.006688833
-0.005351901
-0.006139278
-0.007020831
-0.004855394
-0.006412864
-0.006076694
-0.005570650
-0.006976128
-0.005616546
-0.006339550
-0.005807877
-0.005842447
-0.006422400
-0.005582571
-0.006501675
-0.005956888
-0.005987883
-0.006111860
-0.005785823
-0.006263852
-0.005965829
-0.006211400
-0.006092787
-0.005967617
-0.006037951
-0.005928874
-0.006085634
-0.006104112
-0.006166101
-0.006060004
-0.006234646
-0.005692840
-0.006039143
-0.006476641
-0.005586743
-0.006412864
-0.006092787
-0.005832314
-0.006265044
-0.005735159
-0.006289482
-0.005910397
-0.006183386
-0.006205440
-0.005807877
-0.006352067
-0.005722046
-0.006187558
-0.006090999
-0.005917549
-0.006419420
-0.005749464
-0.006145239
-0.006130934
-0.005816817
-0.006325841
-0.006079078
-0.006145835
-0.005728006
-0.005784631
-0.006570220
-0.005413890
-0.006573200
-0.006520152
-0.005092025
-0.006750226
-0.005892515
-0.005689263
-0.006349683
-0.006011724
-0.006328821
-0.005841255
-0.005968809
-0.006076694
-0.005996823
-0.006251931
-0.006148219
-0.005942583
-0.006097555
-0.006015301
-0.005920529
-0.006204247
-0.006060600
-0.006095767
-0.006116033
-0.006013513
-0.006045699
-0.005961657
-0.006102920
-0.006071329
-0.006020665
-0.006117821
-0.005972981
-0.006099939
-0.006060600
-0.006010532
-0.006216168
-0.005995035
-0.006104708
-0.005925298
-0.006058812
-0.005996823
-0.005979538
-0.006408095
-0.005904436
-0.006577373
-0.005286932
-0.006102920
-0.006299615
-0.005303621
-0.007507801
-0.004824400
-0.006652474
-0.006315112
-0.004950762
-0.007267594
-0.004791021
-0.007119179
-0.006024837
-0.005469918
-0.006759167
-0.005221963
-0.006603599
-0.005789995
-0.006252527
-0.006085634
-0.005741119
-0.006465912
-0.005705953
-0.006191730
-0.006126165
-0.006006956
-0.006191134
-0.005886555
-0.006045103
-0.006110072
-0.005936623
-0.006126165
-0.006111860
-0.006075501
-0.006146431
-0.006058216
-0.005973577
-0.005984902
-0.006139874
-0.005984306
-0.006107092
-0.006058812
-0.006012917
-0.006174445
-0.005881190
-0.006099343
-0.006111860
-0.006029010
-0.006178021
-0.006007552
-0.006114244
-0.006070733
-0.005993843
-0.006082058
-0.006139874
-0.005904436
-0.005912185
-0.006227493
-0.005896688
-0.006277561
-0.006071329
-0.005862117
-0.006363392
-0.005822182
-0.006077886
-0.006060004
-0.006138086
-0.006098151
-0.005890727
-0.006468296
-0.005685687
-0.005929470
-0.006392598
-0.005689859
-0.006179214
-0.006292462
-0.005877614
-0.006167293
-0.006019473
-0.006000996
-0.006003976
-0.006011724
-0.006240606
-0.005999207
-0.006396770
-0.005781054
-0.005782843
-0.006473064
-0.005555153
-0.006143451
-0.006519556
-0.005897880
-0.006114244
-0.006045103
-0.005853176
-0.006210804
-0.005981326
-0.006000996
-0.006387234
-0.005829930
-0.006231070
-0.006044507
-0.005825758
-0.006126761
-0.005850792
-0.006352663
-0.005900860
-0.006015301
-0.006382465
-0.005809069
-0.006173253
-0.005868673
-0.005934834
-0.006522536
-0.005565286
-0.006221533
-0.006332397
-0.005361438
-0.006696582
-0.005856156
-0.005846620
-0.006622076
-0.005460382
-0.006473660
-0.006026030
-0.005714297
-0.006521940
-0.005841255
-0.006168485
-0.005846024
-0.006060004
-0.006439090
-0.005704165
-0.006283522
-0.005928874
-0.006001592
-0.006330609
-0.005526543
-0.006453991
-0.006115437
-0.005779266
-0.006342530
-0.005756021
-0.006300807
-0.005937219
-0.005992651
-0.006397367
-0.005688667
-0.006181598
-0.006101131
-0.006015897
-0.006247163
-0.006050467
-0.005770326
-0.006018877
-0.006365776
-0.005723834
-0.006339550
-0.006236434
-0.005685687
-0.006314516
-0.005638599
-0.006050467
-0.006496906
-0.005825758
-0.006264448
-0.006078482
-0.005821586
-0.006042123
-0.005989075
-0.006256104
-0.006288886
-0.006037354
-0.005958080
-0.005689859
-0.005998611
-0.006372929
-0.005691648
-0.006474257
-0.006560087
-0.005431175
-0.006259680
-0.005746484
-0.005869269
-0.006588697
-0.005733371
-0.006502271
-0.006051660
-0.005620718
-0.006128550
-0.005802512
-0.006361008
-0.006145835
-0.006114841
-0.006085634
-0.005877018
-0.005993247
-0.005821586
-0.006202459
-0.005974770
-0.006319284
-0.006127954
-0.005834699
-0.006366968
-0.005761981
-0.006017089
-0.006099343
-0.006005764
-0.006174445
-0.005853772
-0.006123781
-0.006066561
-0.006032586
-0.006095171
-0.005983710
-0.006080866
-0.005986691
-0.006046295
-0.006129146
-0.006084442
-0.006049275
-0.005837083
-0.006099343
-0.006084442
-0.005854964
-0.006389618
-0.006223321
-0.005835295
-0.005924702
-0.005894303
-0.005905032
-0.006148815
-0.006183982
-0.006142855
-0.006261468
-0.005789995
-0.005968809
-0.006072521
-0.005913377
-0.006337762
-0.005992651
-0.006093383
-0.006065965
-0.005836487
-0.006133914
-0.005980134
-0.006188750
-0.006150007
-0.006010532
-0.006045699
-0.005902648
-0.006068945
-0.006015301
-0.006041527
-0.006097555
-0.006064773
-0.006076694
-0.005993843
-0.006093383
-0.006047487
-0.005994439
-0.006107092
-0.006027818
-0.005982518
-0.006093979
-0.006045699
-0.006091595
-0.006069541
-0.005984306
-0.006173849
-0.006024241
-0.006041527
-0.006041527
-0.006059408
-0.006071329
-0.005697012
-0.006224513
-0.006271005
-0.006014109
-0.006026030
-0.006150007
-0.006169081
-0.005545616
-0.006306171
-0.006079078
-0.005916357
-0.006427765
-0.005768538
-0.006236434
-0.005910993
-0.005981922
-0.006191730
-0.005837083
-0.006402731
-0.005885959
-0.005962253
-0.006185174
-0.005939603
-0.006102920
-0.005993247
-0.006095767
-0.005976558
-0.006027222
-0.006119609
-0.006061792
-0.006112456
-0.005999804
-0.006058812
-0.005998611
-0.006022453
-0.006006360
-0.006080270
-0.006222129
-0.005977154
-0.006125569
-0.006061792
-0.005887151
-0.006160140
-0.006038547
-0.006000400
-0.006158352
-0.005973577
-0.006016493
-0.006139874
-0.005978942
-0.006079078
-0.006119609
-0.006003976
-0.006088614
-0.006047487
-0.006093979
-0.006054044
-0.005965829
-0.006152391
-0.005975366
-0.006042719
-0.006167889
-0.005961657
-0.006172657
-0.006048083
-0.005996227
-0.006096363
-0.005954504
-0.006076694
-0.006038547
-0.006070733
-0.006106496
-0.006058812
-0.006068945
-0.006027222
-0.006043911
-0.006018877
-0.006079674
-0.006065965
-0.006064773
-0.006046295
-0.006008744
-0.006080866
-0.006027222
-0.006082058
-0.006082654
-0.006095171
-0.006052256
-0.005922318
-0.006079078
-0.006014109
-0.006045103
-0.006190538
-0.006057024
-0.006073117
-0.006052852
-0.005994439
-0.006002188
-0.006077290
-0.006157756
-0.006048083
-0.006115437
-0.006083846
-0.005944371
-0.006108880
-0.006023645
-0.006036162
-0.006135702
-0.005995035
-0.006077290
-0.005971789
-0.005982518
-0.006102920
-0.006031394
-0.006141067
-0.006106496
-0.006071925
-0.006020069
-0.005990863
-0.006079674
-0.006020665
-0.006114244
-0.006032586
-0.006010532
-0.006060004
-0.005923510
-0.006176233
-0.005996823
-0.006057024
-0.006164908
-0.005860329
-0.006178021
-0.005970001
-0.006148219
-0.006125569
-0.005643964
-0.006244183
-0.006405115
-0.005726218
-0.005902648
-0.006815195
-0.005410314
-0.005722046
-0.006785393
-0.005331635
-0.006724000
-0.006185174
-0.005608797
-0.006610751
-0.005174279
-0.006258488
-0.006222129
-0.005956292
-0.006647706
-0.005643964
-0.006138682
-0.005935431
-0.005856752
-0.006265640
-0.005976558
-0.006195307
-0.006009936
-0.005999207
-0.006077290
-0.006038547
-0.005981326
-0.006130934
-0.006191730
-0.005911589
-0.006151199
-0.006136298
-0.006026030
-0.005949736
-0.006064773
-0.006126165
-0.005870461
-0.006325245
-0.006055832
-0.005874634
-0.006232858
-0.005876422
-0.005989671
-0.006173253
-0.006054044
-0.006034374
-0.006074905
-0.006036758
-0.006021857
-0.006039143
-0.006081462
-0.006074309
-0.006059408
-0.006124973
-0.006056428
-0.006222129
-0.006003380
-0.005872846
-0.005914569
-0.006184578
-0.005958080
-0.005866289
-0.006717443
-0.005695224
-0.006129742
-0.006290078
-0.005379319
-0.006458759
-0.005961657
-0.006195903
-0.006039143
-0.005723238
-0.006626248
-0.005635023
-0.006042719
-0.006517172
-0.005679131
-0.006046891
-0.006229281
-0.005882978
-0.006089807
-0.006172657
-0.005962253
-0.006194711
-0.005957484
-0.005927682
-0.006182194
-0.005881190
-0.006170869
-0.006219745
-0.005864501
-0.006059408
-0.006002784
-0.005940199
-0.006260872
-0.006205440
-0.005881786
-0.006004572
-0.006337166
-0.005675554
-0.005916953
-0.006622672
-0.005633235
-0.006165504
-0.006194115
-0.005667806
-0.006355047
-0.005856156
-0.006287098
-0.006195903
-0.005796552
-0.006260276
-0.005839467
-0.006085634
-0.006078482
-0.005946755
-0.006207228
-0.006008744
-0.006119013
-0.006091595
-0.005986691
-0.006037354
-0.006013513
-0.006124973
-0.006060600
-0.006146431
-0.006126165
-0.006024241
-0.006043315
-0.005924106
-0.006090999
-0.006017089
-0.006221533
-0.006179810
-0.005972981
-0.005992055
-0.005907416
-0.006208420
-0.005780458
-0.006226301
-0.006268620
-0.005897284
-0.006245971
-0.005682111
-0.006238222
-0.006054044
-0.005936027
-0.006533861
-0.005798936
-0.005881786
-0.005983710
-0.006049871
-0.006142259
-0.006021261
-0.006301999
-0.005968213
-0.005961061
-0.006102920
-0.005950928
-0.006161928
-0.006061792
-0.006004572
-0.006030798
-0.005983114
-0.006073117
-0.006122589
-0.006165504
-0.006054044
-0.006028414
-0.006020069
-0.006011724
-0.006107092
-0.005993843
-0.006030202
-0.006139874
-0.006052852
-0.006020069
-0.006084442
-0.006014705
-0.005968809
-0.006264448
-0.005964637
-0.006074309
-0.006331205
-0.005663633
-0.006142855
-0.006065965
-0.005792379
-0.006358624
-0.006038547
-0.006197691
-0.005990267
-0.005823374
-0.006173253
-0.005872846
-0.006107688
-0.006172657
-0.006058216
-0.006140471
-0.005991459
-0.006074905
-0.006047487
-0.005972981
-0.006071329
-0.006046295
-0.006053448
-0.006052852
-0.006158948
-0.006044507
-0.005868077
-0.006247759
-0.005885363
-0.006015301
-0.006372929
-0.005820990
-0.006162524
-0.006011724
-0.005921125
-0.006190538
-0.005959868
-0.006178021
-0.006077290
-0.006033182
-0.006031394
-0.005968809
-0.006098747
-0.006085038
-0.006088614
-0.006024837
-0.006046891
-0.006098747
-0.006060600
-0.005998015
-0.006213784
-0.006048679
-0.005874038
-0.006169081
-0.005885363
-0.006083846
-0.006196499
-0.005912185
-0.006203651
-0.006003976
-0.006026626
-0.006111860
-0.005971789
-0.006183982
-0.005982518
-0.006058812
-0.006072521
-0.006045103
-0.006158352
-0.005943775
-0.006113648
-0.006018281
-0.006019473
-0.006088614
-0.006055236
-0.006133318
-0.006031990
-0.006108880
-0.006004572
-0.006012917
-0.006030202
-0.006042123
-0.006076694
-0.006148815
-0.006027818
-0.005974174
-0.006257296
-0.005862713
-0.006048679
-0.006133914
-0.005983710
-0.006261468
-0.005928278
-0.006042123
-0.006030202
-0.005964637
-0.006163716
-0.006079674
-0.006173849
-0.006114244
-0.006010532
-0.005903244
-0.006035566
-0.006112456
-0.006035566
-0.006115437
-0.005993843
-0.006040335
-0.005996227
-0.006019473
-0.006101727
-0.006083250
-0.006131530
-0.005972385
-0.006008744
-0.005922914
-0.005978942
-0.006104708
-0.006105304
-0.006258488
-0.005972981
-0.005953908
-0.005990863
-0.005914569
-0.006014705
-0.006210208
-0.006240010
-0.005932450
-0.006226301
-0.005823970
-0.005822778
-0.006247759
-0.005868673
-0.006357431
-0.006097555
-0.006011128
-0.006114244
-0.005668998
-0.006227493
-0.006157756
-0.005919337
-0.006123781
-0.006052256
-0.005933642
-0.006031394
-0.006074905
-0.005999207
-0.006175041
-0.006040931
-0.006031394
-0.006058216
-0.005960464
-0.006017089
-0.005954504
-0.006142855
-0.006186366
-0.006151795
-0.005834103
-0.005966425
-0.006123781
-0.005778670
-0.006579161
-0.005843639
-0.005794168
-0.006572008
-0.005550385
-0.006099939
-0.006107688
-0.006028414
-0.006409287
-0.005873442
-0.005897284
-0.005972385
-0.006077290
-0.006104708
-0.006227493
-0.006089211
-0.006024837
-0.006056428
-0.005902052
-0.006104708
-0.006057024
-0.006097555
-0.006148219
-0.005995035
-0.006033182
-0.006074309
-0.006027222
-0.006057024
-0.006027222
-0.006092787
-0.006071329
-0.005958676
-0.006114244
-0.005975366
-0.006146431
-0.006181002
-0.005959868
-0.006153584
-0.005915165
-0.006062984
-0.006142855
-0.005894303
-0.006221533
-0.006045103
-0.006003380
-0.006127357
-0.005893111
-0.006186366
-0.006117821
-0.006034970
-0.005973577
-0.005973577
-0.006245971
-0.005808473
-0.006295443
-0.006182790
-0.005677342
-0.006322861
-0.005881786
-0.006011724
-0.006151795
-0.005912781
-0.006333590
-0.005913973
-0.006254315
-0.005913973
-0.005682111
-0.006489158
-0.005661249
-0.006398559
-0.006197691
-0.005712509
-0.006642342
-0.005565286
-0.006014109
-0.006109476
-0.005782843
-0.006381273
-0.006009936
-0.006253719
-0.006143451
-0.005977154
-0.006099343
-0.005942583
-0.005902052
-0.006084442
-0.006170273
-0.005969405
-0.006219745
-0.006124377
-0.006007552
-0.006185770
-0.005865097
-0.005907416
-0.006042719
-0.006233454
-0.006342530
-0.005615950
-0.006017685
-0.006322265
-0.005814433
-0.006312132
-0.005871654
-0.006036758
-0.006291270
-0.005841851
-0.006234646
-0.005934834
-0.006226897
-0.006012321
-0.005941987
-0.006097555
-0.005820990
-0.006359816
-0.005962253
-0.006084442
-0.006058812
-0.005926490
-0.006153584
-0.005979538
-0.006216764
-0.006064177
-0.006110668
-0.005997419
-0.005957484
-0.006108880
-0.005953312
-0.006210804
-0.006183982
-0.005925298
-0.005918145
-0.006156564
-0.006116033
-0.005953312
-0.006257892
-0.005979538
-0.005993843
-0.006070137
-0.005965829
-0.006237030
-0.005816221
-0.006281734
-0.006173253
-0.005725026
-0.006276369
-0.005870461
-0.006012321
-0.006324053
-0.005970001
-0.006003380
-0.006113052
-0.005919933
-0.005972981
-0.006086230
-0.006120801
-0.006133914
-0.006057620
-0.006031394
-0.005972385
-0.006043911
-0.006014109
-0.006330013
-0.005847812
-0.006021261
-0.006230474
-0.005483627
-0.006318092
-0.006103516
-0.006084442
-0.006304383
-0.005786419
-0.006200671
-0.005933642
-0.005910397
-0.006145835
-0.006147027
-0.006221533
-0.006067157
-0.005970001
-0.005918145
-0.006027222
-0.006017685
-0.006203055
-0.006135702
-0.006151795
-0.006055832
-0.005891323
-0.006242394
-0.005728602
-0.006240010
-0.006027818
-0.005928278
-0.006718040
-0.005960464
-0.005118251
-0.006176233
-0.007340312
-0.004485250
-0.006927252
-0.006730556
-0.004596710
-0.007454753
-0.004711747
-0.006763339
-0.006167889
-0.005436540
-0.007150173
-0.004748702
-0.007082224
-0.005510449
-0.006040335
-0.006695986
-0.005190372
-0.006786585
-0.005445480
-0.006224513
-0.006321669
-0.005730391
-0.006517768
-0.005820394
-0.006122589
-0.005990267
-0.005826950
-0.006315112
-0.005757213
-0.006360412
-0.005939007
-0.006064773
-0.005915165
-0.006253719
-0.007147193
-0.003386140
-0.008029938
-0.006363988
-0.003817677
-0.009211302
-0.003613234
-0.007063150
-0.006232262
-0.004547834
-0.008064508
-0.004277825
-0.007414222
-0.005382895
-0.006179214
-0.006380677
-0.005093813
-0.007269382
-0.004473925
-0.007581115
-0.005268455
-0.006003976
-0.007097125
-0.004169345
-0.008270144
-0.003894567
-0.007647276
-0.005412698
-0.005508065
-0.007966161
-0.002670884
-0.010709763
-0.000500083
-0.011684299
-0.000931025
-0.010732412
-0.004500747
 0.006474853
-0.038342476
 0.032604933
-0.033740997
-0.006458163
 0.031571388
-0.067131519
 0.055588484
-0.044656992
-0.008257627
 0.033128858
-0.065381527
 0.054866076
-0.049650669
 0.009397864
 0.008736849
-0.045900941
 0.043790936
-0.050073862
 0.022081137
-0.013104081
-0.018281341
 0.019701719
-0.038973689
 0.025117993
-0.027837753
 0.002714396
-0.001367331
-0.020604134
 0.013910532
-0.027037859
 0.011379719
-0.017582178
-0.001849532
-0.001642704
-0.017223954
 0.008549094
-0.022145510
 0.007852316
-0.014251471
-0.004875660
 0.000357628
-0.017344952
 0.006325841
-0.017347932
 0.001726151
-0.009317398
-0.006960630
-0.000881553
-0.014009476
 0.002458692
-0.013408065
-0.001396537
-0.007703304
-0.006918311
-0.002813339
-0.011109114
-0.000389814
-0.011216998
-0.002530813
-0.007379055
-0.006377697
-0.004110932
-0.009583235
-0.001208186
-0.010623932
-0.004286170
-0.005152225
-0.007542968
-0.004767776
-0.006924272
-0.005501509
-0.007547140
-0.004165769
-0.007396340
-0.004822016
-0.006469488
-0.006665587
-0.004748106
-0.008158684
-0.003649592
-0.007838011
-0.005037785
-0.005901456
-0.007223487
-0.004502535
-0.007725954
-0.004477501
-0.007054210
-0.005629659
-0.005832911
-0.006859303
-0.005240440
-0.006768703
-0.005220175
-0.006647706
-0.005542040
-0.006338954
-0.006288886
-0.005469918
-0.006804466
-0.005238652
-0.006574392
-0.005985498
-0.005392432
-0.007011294
-0.005214214
-0.006503463
-0.006424189
-0.004800558
-0.006991029
-0.005940199
-0.006548762
-0.006023645
-0.005385280
-0.006017685
-0.005356669
-0.007057786
-0.006071925
-0.006169677
-0.006253123
-0.005344152
-0.006058812
-0.005887151
-0.006250143
-0.006414652
-0.006018281
-0.006169081
-0.005804896
-0.005757809
-0.006249547
-0.005871654
-0.006293058
-0.006104708
-0.005947351
-0.006169081
-0.005690455
-0.006346703
-0.005879402
-0.006183386
-0.006163120
-0.005655289
-0.006553531
-0.005450249
-0.006489158
-0.005878806
-0.005810261
-0.007045269
-0.004835129
-0.006778240
-0.005768538
-0.005618930
-0.007120371
-0.005146265
-0.006712079
-0.005736947
-0.005784631
-0.006450415
-0.005509257
-0.006558895
-0.005890131
-0.006154776
-0.006083846
-0.005887151
-0.006210208
-0.005806088
-0.006239414
-0.005939603
-0.006068349
-0.006015897
-0.006011128
-0.006043315
-0.005987287
-0.006389618
-0.005592704
-0.006386042
-0.006058216
-0.005643368
-0.006487370
-0.005631447
-0.006254315
-0.006036162
-0.005837679
-0.006379485
-0.005818605
-0.006142259
-0.006091595
-0.005958676
-0.006275177
-0.005827546
-0.005857348
-0.006339550
-0.005788803
-0.006135702
-0.006247163
-0.005856156
-0.006223321
-0.005758405
-0.006137490
-0.006066561
-0.005896688
-0.006339550
-0.005878806
-0.006177425
-0.006012917
-0.005939007
-0.006158352
-0.005950928
-0.006166697
-0.006028414
-0.006018281
-0.006021261
-0.006017685
-0.006073713
-0.006029606
-0.006126165
-0.006037951
-0.006062984
-0.006011724
-0.006005764
-0.006036758
-0.006014109
-0.006136298
-0.006008744
-0.006109476
-0.006065369
-0.005947948
-0.006137490
-0.005972385
-0.006017685
-0.006103516
-0.006023645
-0.006092787
-0.006011724
-0.006016493
-0.006037951
-0.006018281
-0.006092191
-0.006026030
-0.006047487
-0.006088614
-0.006070733
-0.006012321
-0.006038547
-0.006094575
-0.005987287
-0.006048083
-0.006036758
-0.006040335
-0.006106496
-0.006095767
-0.005952120
-0.006186962
-0.005929470
-0.006014109
-0.006386042
-0.005748272
-0.006211400
-0.005906224
-0.006060004
-0.006097555
-0.005837679
-0.006378293
-0.005616546
-0.006345510
-0.006011128
-0.005897284
-0.006352663
-0.005766749
-0.006316304
-0.005940795
-0.006074309
-0.006098151
-0.005899668
-0.006136298
-0.005941391
-0.006114244
-0.006039143
-0.006123781
-0.006083846
-0.005994439
-0.006121993
-0.006003380
-0.006070733
-0.006064773
-0.006036758
-0.006060600
-0.006011128
-0.006071329
-0.006045103
-0.006033778
-0.006046295
-0.006065965
-0.006054640
-0.006097555
-0.006053448
-0.005987287
-0.006218553
-0.005932450
-0.006061196
-0.006161332
-0.005865097
-0.006248355
-0.005953312
-0.006040931
-0.006195307
-0.005855560
-0.006147623
-0.006042719
-0.005963445
-0.006124377
-0.006085038
-0.005985498
-0.006073713
-0.006057024
-0.005947948
-0.006141067
-0.006073713
-0.006068945
-0.006042719
-0.006017089
-0.006148219
-0.005934238
-0.006036758
-0.006136298
-0.005988479
-0.006115437
-0.006014705
-0.006062984
-0.006105900
-0.005962253
-0.006109476
-0.005998015
-0.006048679
-0.006083846
-0.005975366
-0.006133914
-0.006004572
-0.006037951
-0.006056428
-0.006002188
-0.006118417
-0.006062984
-0.006090403
-0.006023049
-0.006036162
-0.006060600
-0.006062388
-0.006137490
-0.006052256
-0.006114244
-0.005995631
-0.005965233
-0.005986094
-0.005962253
-0.006113052
-0.006068349
-0.006163120
-0.006130934
-0.006068349
-0.005961657
-0.005989075
-0.006051660
-0.006003380
-0.006200075
-0.006014109
-0.006169677
-0.006082058
-0.005937219
-0.006130338
-0.005927682
-0.006093979
-0.005996227
-0.006033182
-0.006100535
-0.006003380
-0.006135106
-0.005977154
-0.006095767
-0.006012917
-0.006012321
-0.006134510
-0.006011128
-0.006133914
-0.006039739
-0.006072521
-0.006040931
-0.006016493
-0.006086826
-0.006018877
-0.006099343
-0.006011724
-0.006034970
-0.005983710
-0.006069541
-0.006138086
-0.006041527
-0.006107688
-0.006037354
-0.006044507
-0.005980730
-0.006059408
-0.006039143
-0.006038547
-0.006128550
-0.006100535
-0.006039143
-0.006023049
-0.006218553
-0.005776286
-0.006029010
-0.006303191
-0.005832911
-0.006254315
-0.006155372
-0.005981326
-0.005970597
-0.005830526
-0.006106496
-0.005996823
-0.006108284
-0.006129742
-0.006065965
-0.006093383
-0.005965829
-0.006137490
-0.006060600
-0.006030798
-0.006104112
-0.006012917
-0.006011724
-0.006027222
-0.006047487
-0.006065369
-0.006070137
-0.006052852
-0.006068945
-0.006032586
-0.006042123
-0.006075501
-0.006032586
-0.006074905
-0.006069541
-0.006017685
-0.006044507
-0.006059408
-0.006068945
-0.006088018
-0.006073117
-0.006046891
-0.006049275
-0.006060004
-0.006017089
-0.006031990
-0.006095767
-0.006068349
-0.006045699
-0.006009340
-0.006042719
-0.006037354
-0.005989075
-0.006091595
-0.006083846
-0.006086230
-0.006015897
-0.006048679
-0.006144643
-0.005977154
-0.006087422
-0.006102324
-0.005986691
-0.006028414
-0.006005764
-0.006061792
-0.006068945
-0.006092787
-0.006101131
-0.006071925
-0.006064773
-0.006000400
-0.006046891
-0.006046891
-0.006048083
-0.006030202
-0.006034374
-0.006142259
-0.006036162
-0.006074309
-0.005976558
-0.006055236
-0.006181598
-0.005837679
-0.006161928
-0.006086826
-0.005987883
-0.006172657
-0.005934238
-0.006141067
-0.005940199
-0.006048083
-0.006049275
-0.006068349
-0.006111860
-0.005980730
-0.006151199
-0.005918741
-0.006228685
-0.005775690
-0.006291270
-0.005778670
-0.006400347
-0.006669760
-0.004467368
-0.007252693
-0.005680323
-0.005462766
-0.007296205
-0.005123019
-0.006679893
-0.005656481
-0.005816817
-0.006594658
-0.005611777
-0.006459951
-0.005940795
-0.006000996
-0.006069541
-0.006007552
-0.006149411
-0.006009340
-0.006085634
-0.005996227
-0.006014109
-0.006039739
-0.006107688
-0.006082058
-0.006086230
-0.006071925
-0.005992055
-0.005987287
-0.006029606
-0.006060600
-0.006070137
-0.006089807
-0.006033182
-0.006083846
-0.006031394
-0.006054640
-0.006043911
-0.006076694
-0.006110072
-0.006001592
-0.006116033
-0.005973577
-0.006164908
-0.005788803
-0.006071329
-0.006505251
-0.005570650
-0.006278753
-0.006135702
-0.005802512
-0.006256700
-0.005815029
-0.006192923
-0.006005168
-0.005989671
-0.006222129
-0.005876422
-0.006120205
-0.006035566
-0.006045699
-0.006182194
-0.006011128
-0.006093383
-0.005986094
-0.005981326
-0.006019473
-0.005986691
-0.006084442
-0.006083250
-0.006113052
-0.006021857
-0.006039143
-0.006015897
-0.005979538
-0.006047487
-0.006013513
-0.006110072
-0.006070137
-0.006045103
-0.006073713
-0.006014109
-0.006052256
-0.006002784
-0.006088614
-0.006109476
-0.005906820
-0.006082654
-0.006073117
-0.006009340
-0.006130934
-0.005957484
-0.006152987
-0.005999207
-0.005915761
-0.006160140
-0.005920529
-0.006198883
-0.006000400
-0.006080866
-0.006037951
-0.005918145
-0.006192327
-0.005825758
-0.006387830
-0.005587339
-0.006358624
-0.006031990
-0.005245805
-0.007379651
-0.005266070
-0.006159544
-0.006439090
-0.005027056
-0.006893873
-0.005653501
-0.006279349
-0.006297231
-0.005581379
-0.006414056
-0.005609989
-0.006276965
-0.006194115
-0.005994439
-0.006237626
-0.005741119
-0.006216168
-0.005680323
-0.006304979
-0.005946755
-0.006142259
-0.006325841
-0.005611181
-0.006726384
-0.005393028
-0.007802844
-0.003501773
-0.005856156
-0.009491444
-0.001142621
-0.009582043
-0.006042123
-0.003747940
-0.009163022
-0.002598763
-0.008128285
-0.006070733
-0.004969239
-0.007777214
-0.004509687
-0.006799102
-0.005524158
-0.006022453
-0.006576777
-0.005559325
-0.006665587
-0.005702376
-0.006008744
-0.006145239
-0.005715489
-0.006303787
-0.006023049
-0.006141067
-0.006110072
-0.005901456
-0.006190538
-0.005835295
-0.006200075
-0.005987883
-0.006280541
-0.005888343
-0.005874634
-0.006439090
-0.005234480
-0.007076263
-0.005654097
-0.005742311
-0.007064939
-0.004997849
-0.006708503
-0.005543828
-0.005888343
-0.006653070
-0.005569458
-0.006683469
-0.005723238
-0.006002784
-0.006029010
-0.005844235
-0.006321669
-0.005893111
-0.006228089
-0.006041527
-0.005937219
-0.006110668
-0.006045103
-0.006062388
-0.006065369
-0.006098151
-0.006031990
-0.006033182
-0.006029606
-0.006045103
-0.005999207
-0.006035566
-0.006053448
-0.006002188
-0.006117225
-0.006079078
-0.006072521
-0.006070733
-0.005999207
-0.006018281
-0.005984306
-0.006043911
-0.006104708
-0.006030798
-0.005984902
-0.006055832
-0.006062984
-0.006020665
-0.006186962
-0.006151199
-0.006049275
-0.006061792
-0.005969405
-0.006008744
-0.006009340
-0.006085634
-0.006104708
-0.006067157
-0.006088018
-0.006027818
-0.006070137
-0.006030202
-0.006060004
-0.006040335
-0.005986094
-0.006061792
-0.006052256
-0.006032586
-0.006029010
-0.006108284
-0.006091595
-0.006074309
-0.006085038
-0.006031394
-0.006011128
-0.006041527
-0.006042123
-0.005978346
-0.006080270
-0.006043911
-0.006194115
-0.006092191
-0.005860925
-0.006157756
-0.005987883
-0.006005764
-0.006048679
-0.006080866
-0.006185770
-0.006017685
-0.006183982
-0.005953908
-0.006015897
-0.005991459
-0.005920529
-0.006300211
-0.005881190
-0.006110072
-0.006169677
-0.005807877
-0.006260872
-0.006031990
-0.006062388
-0.006207824
-0.005839467
-0.006229281
-0.005959868
-0.006029010
-0.006207228
-0.005806684
-0.006328225
-0.005731583
-0.006355047
-0.005785823
-0.006196499
-0.006032586
-0.005455017
-0.008152723
-0.003331304
-0.007284284
-0.007349849
-0.003355145
-0.009182692
-0.003509521
-0.007043481
-0.006526113
-0.003940463
-0.009020567
-0.003877878
-0.007104278
-0.006020069
-0.004990101
-0.007510185
-0.004813075
-0.006933808
-0.005853176
-0.005793571
-0.006518960
-0.005488992
-0.006437302
-0.005971193
-0.005999804
-0.005950332
-0.005871654
-0.006632209
-0.005649328
-0.006006956
-0.006637573
-0.005562901
-0.006224513
-0.006006360
-0.005838871
-0.006306171
-0.005897284
-0.006242394
-0.006126165
-0.005974770
-0.006124377
-0.005990863
-0.005894899
-0.006157160
-0.005930662
-0.006401539
-0.006135106
-0.005466938
-0.006665587
-0.005617738
-0.006194711
-0.006301999
-0.005551577
-0.006691813
-0.005691648
-0.006654859
-0.005156994
-0.005945563
-0.007226467
-0.004537702
-0.007276535
-0.005822778
-0.005568862
-0.006938577
-0.004941821
-0.006732941
-0.005933642
-0.005999207
-0.006355643
-0.005561709
-0.006434917
-0.005827546
-0.006101131
-0.006196499
-0.005997419
-0.006098151
-0.005961657
-0.006024837
-0.005992651
-0.006083846
-0.006008148
-0.006238222
-0.005993843
-0.005855560
-0.006105304
-0.006164312
-0.005941987
-0.005884171
-0.006530881
-0.006132722
-0.005796552
-0.005662441
-0.005975962
-0.006494522
-0.005815029
-0.006278753
-0.006186962
-0.005809665
-0.006168485
-0.005665421
-0.006131530
-0.006319284
-0.006054640
-0.006152391
-0.005829334
-0.006019473
-0.006049275
-0.005952120
-0.006183982
-0.006086230
-0.005978346
-0.006090999
-0.005990863
-0.006041527
-0.006129742
-0.006038547
-0.006058812
-0.005957484
-0.006012917
-0.006141067
-0.005982518
-0.006181002
-0.006502271
-0.005792975
-0.005532503
-0.006128550
-0.006056428
-0.005966425
-0.006469488
-0.006023645
-0.005950332
-0.006362796
-0.005415082
-0.006042719
-0.006176829
-0.005959868
-0.006604791
-0.005680323
-0.006144643
-0.006160140
-0.005584359
-0.006299019
-0.006036758
-0.006169081
-0.006037354
-0.005959868
-0.006245375
-0.005778074
-0.006265640
-0.006074905
-0.005950928
-0.006113052
-0.005943775
-0.006125569
-0.005936027
-0.005938411
-0.006222725
-0.006195307
-0.005956292
-0.006776452
-0.005155802
-0.005931258
-0.006603003
-0.005019903
-0.007301569
-0.005245209
-0.006440878
-0.006833673
-0.004549623
-0.006988645
-0.005441308
-0.006409883
-0.006433725
-0.005406737
-0.006577969
-0.005518198
-0.006183982
-0.006107688
-0.006063581
-0.006337762
-0.005796552
-0.006077290
-0.005928278
-0.005996823
-0.006167889
-0.006086826
-0.006284714
-0.005770326
-0.005979538
-0.006322861
-0.005732179
-0.006229281
-0.006117821
-0.006139278
-0.005890727
-0.005696416
-0.006664991
-0.005611181
-0.006328225
-0.006491542
-0.005360842
-0.006539822
-0.005732179
-0.006000996
-0.006337166
-0.005735755
-0.006434321
-0.005831718
-0.006096959
-0.006154776
-0.005962253
-0.006203651
-0.005804300
-0.006185770
-0.005907416
-0.006066561
-0.006232858
-0.005967617
-0.006359220
-0.005853772
-0.005964041
-0.006012321
-0.006003380
-0.006101131
-0.006017685
-0.006218553
-0.006308556
-0.006070137
-0.005217195
-0.006661415
-0.006142855
-0.005357862
-0.006676316
-0.006224513
-0.006049275
-0.005548596
-0.006418824
-0.005866289
-0.005807281
-0.006827712
-0.005567074
-0.006154776
-0.006054640
-0.005940199
-0.006167293
-0.006049275
-0.006175041
-0.005890727
-0.006157160
-0.005944371
-0.006068349
-0.006133914
-0.006059408
-0.006093979
-0.005940199
-0.006084442
-0.005941987
-0.006032586
-0.006155968
-0.006381869
-0.006011724
-0.005496740
-0.006341338
-0.006238222
-0.005870461
-0.006181598
-0.006072521
-0.006065369
-0.005988479
-0.005816221
-0.006029606
-0.006262064
-0.006032586
-0.006232858
-0.006021261
-0.005813837
-0.006114244
-0.005881786
-0.006214976
-0.006169677
-0.006044507
-0.006126761
-0.005915165
-0.006066561
-0.005953908
-0.006126165
-0.006066561
-0.005974174
-0.006169081
-0.006015897
-0.006144643
-0.005995631
-0.006006956
-0.006058216
-0.005959272
-0.006111264
-0.006047487
-0.006086230
-0.006067157
-0.006222725
-0.006117225
-0.005799532
-0.005654097
-0.006396770
-0.006512403
-0.005435348
-0.006568432
-0.006029010
-0.005490780
-0.006621480
-0.005453229
-0.006273389
-0.006448030
-0.005769730
-0.006452799
-0.005587935
-0.006022453
-0.006166697
-0.005850792
-0.006420612
-0.005981922
-0.006076097
-0.006023645
-0.005919337
-0.006116629
-0.005963445
-0.006220341
-0.006069541
-0.006037951
-0.006039739
-0.005991459
-0.006198287
-0.005911589
-0.005958080
-0.006278157
-0.006124377
-0.005660653
-0.006422400
-0.006119013
-0.005512238
-0.006560683
-0.005721450
-0.006143451
-0.006337762
-0.005782843
-0.006442070
-0.005535483
-0.006043315
-0.006140471
-0.006086230
-0.006485581
-0.005809069
-0.006197691
-0.005859733
-0.005922318
-0.006041527
-0.005981326
-0.006420016
-0.006053448
-0.006117821
-0.005917549
-0.005903840
-0.006049275
-0.006092787
-0.006254315
-0.006070137
-0.006061196
-0.005877018
-0.005982518
-0.005990863
-0.006121397
-0.006254315
-0.006051064
-0.006114841
-0.005918741
-0.005918145
-0.006011724
-0.006059408
-0.006217360
-0.006076097
-0.006004572
-0.006051064
-0.006368756
-0.005510449
-0.005549192
-0.007521510
-0.005095601
-0.005948544
-0.007415414
-0.004463792
-0.006754994
-0.005824566
-0.005733371
-0.006956458
-0.005286336
-0.006784797
-0.005515814
-0.005965829
-0.006325841
-0.005553365
-0.006704330
-0.005657077
-0.006291866
-0.006113052
-0.005708337
-0.006468892
-0.005739331
-0.006242394
-0.006011724
-0.005909204
-0.006229281
-0.005761385
-0.006312728
-0.005896688
-0.006178617
-0.006070733
-0.005881190
-0.006162524
-0.005812049
-0.006869435
-0.005704761
-0.005632639
-0.006035566
-0.006274581
-0.006437302
-0.005306005
-0.006836653
-0.005913377
-0.005812049
-0.006081462
-0.005701780
-0.006549954
-0.005857944
-0.006278753
-0.005930662
-0.006158948
-0.005980730
-0.005896688
-0.006340146
-0.005755424
-0.006285310
-0.005905628
-0.006077886
-0.006134510
-0.005970597
-0.006206632
-0.005940199
-0.006204247
-0.005866885
-0.006086230
-0.006123781
-0.005956292
-0.006250739
-0.005965829
-0.006161928
-0.006037951
-0.006034970
-0.006022453
-0.006029606
-0.006218553
-0.005742311
-0.006226897
-0.006098747
-0.005899072
-0.006281734
-0.005931854
-0.006153584
-0.005968213
-0.005972981
-0.006105900
-0.005921721
-0.006138682
-0.005994439
-0.006105304
-0.006047487
-0.006030798
-0.006072521
-0.005962253
-0.006119013
-0.005956888
-0.006157160
-0.006034970
-0.005998015
-0.005961061
-0.006141663
-0.006127357
-0.005742311
-0.006579757
-0.005314946
-0.006801486
-0.006147623
-0.004483461
-0.008084774
-0.004577041
-0.006152987
-0.007624030
-0.003992915
-0.007485747
-0.005518198
-0.005540252
-0.006926060
-0.005217791
-0.006801486
-0.005733371
-0.005931854
-0.006242394
-0.005711913
-0.006323457
-0.005895495
-0.006167889
-0.006074309
-0.005972385
-0.006045699
-0.006040335
-0.005964637
-0.006079078
-0.006498694
-0.005619526
-0.006061196
-0.006434321
-0.005310178
-0.006527901
-0.005820394
-0.006155968
-0.006580949
-0.004453659
-0.008218884
-0.004688501
-0.004943013
-0.009166598
-0.003169775
-0.007330775
-0.006123185
-0.004685521
-0.008072257
-0.004243851
-0.007228851
-0.005874634
-0.005411506
-0.007023215
-0.005024672
-0.006794333
-0.005711317
-0.005967617
-0.006417036
-0.005570650
-0.006449223
-0.005897284
-0.006040335
-0.006082654
-0.006004572
-0.006248951
-0.005872846
-0.006041527
-0.006136894
-0.005980134
-0.005967021
-0.006213784
-0.006038547
-0.006050467
-0.006194711
-0.005899072
-0.006090999
-0.005898476
-0.006089211
-0.006183982
-0.005961657
-0.006228089
-0.006014109
-0.006023645
-0.005941987
-0.006003380
-0.006029606
-0.006064177
-0.006153584
-0.006040335
-0.006233454
-0.005815029
-0.006241798
-0.005889535
-0.005705953
-0.006589890
-0.005645752
-0.006244183
-0.006300211
-0.005707145
-0.006414652
-0.005811453
-0.006059408
-0.006057620
-0.005783439
-0.006302595
-0.006012321
-0.006182790
-0.006152391
-0.005918145
-0.006049871
-0.005865097
-0.006068349
-0.006076694
-0.006092191
-0.006248355
-0.006012321
-0.006033182
-0.005946159
-0.005981922
-0.006068349
-0.006080270
-0.006206036
-0.006051064
-0.006078482
-0.006023645
-0.005990863
-0.006033778
-0.006076097
-0.006138086
-0.005999207
-0.006119013
-0.006006360
-0.005979538
-0.006098747
-0.006067157
-0.006127357
-0.005997419
-0.006066561
-0.006049871
-0.005931258
-0.006102920
-0.006095767
-0.006138086
-0.006153584
-0.005800128
-0.006153584
-0.006159544
-0.005840063
-0.006251931
-0.006012917
-0.005972385
-0.006049871
-0.005980730
-0.006201267
-0.006111860
-0.005842447
-0.006276965
-0.006226897
-0.005558133
-0.006327033
-0.006079674
-0.005946755
-0.006223321
-0.005843639
-0.006307364
-0.005858541
-0.006063581
-0.006213784
-0.005891919
-0.006240606
-0.005918741
-0.006117225
-0.006060004
-0.005939603
-0.006175041
-0.006027818
-0.006098747
-0.006012321
-0.006046295
-0.006043911
-0.006023049
-0.006078482
-0.006040335
-0.006102324
-0.006057620
-0.006059408
-0.005888939
-0.006090999
-0.006144047
-0.005856156
-0.006223917
-0.006066561
-0.006015897
-0.006154776
-0.005949736
-0.006149411
-0.006030202
-0.006050467
-0.006011128
-0.005964041
-0.006109476
-0.006184578
-0.005981326
-0.005761981
-0.006500483
-0.005700588
-0.005869269
-0.006677508
-0.005562901
-0.006242990
-0.006067753
-0.005847216
-0.006327033
-0.005823970
-0.006283522
-0.006000400
-0.005969405
-0.006223321
-0.005916953
-0.006160736
-0.006010532
-0.006028414
-0.006126761
-0.005946755
-0.006144047
-0.006058812
-0.006046891
-0.006095171
-0.005947351
-0.006125569
-0.006041527
-0.006076694
-0.006071925
-0.006030202
-0.006144047
-0.005885363
-0.006117821
-0.006036758
-0.005935431
-0.006188154
-0.005974770
-0.006126761
-0.006083250
-0.006119609
-0.005836487
-0.006198287
-0.006471276
-0.005224943
-0.006597638
-0.006239414
-0.005323887
-0.006837845
-0.005626678
-0.006169081
-0.006328821
-0.005508661
-0.006505847
-0.005744100
-0.006045103
-0.006297231
-0.005850792
-0.006256700
-0.005970001
-0.006012917
-0.006128550
-0.006021261
-0.006057024
-0.006033778
-0.006089211
-0.006082654
-0.006054640
-0.006060004
-0.006055832
-0.006068349
-0.006034970
-0.006047487
-0.006062984
-0.006039739
-0.006120801
-0.006071925
-0.006031990
-0.006030798
-0.005956888
-0.006022453
-0.006001592
-0.006068945
-0.006150603
-0.006072521
-0.006094575
-0.006019473
-0.006027222
-0.006054640
-0.006023645
-0.006095767
-0.006011724
-0.006056428
-0.006068945
-0.005972981
-0.006063581
-0.006050467
-0.006173253
-0.006120205
-0.006000400
-0.006076694
-0.005986094
-0.006110072
-0.005915165
-0.006003380
-0.006287098
-0.005906224
-0.006088614
-0.006113052
-0.005918741
-0.006124973
-0.006061196
-0.006073117
-0.006125569
-0.006051064
-0.006023645
-0.006029010
-0.006009936
-0.006099939
-0.006099343
-0.006060600
-0.006096363
-0.005950928
-0.006037951
-0.006066561
-0.006042123
-0.006152987
-0.006094575
-0.006081462
-0.006003380
-0.006028414
-0.006021857
-0.006003976
-0.006138682
-0.006043911
-0.006122589
-0.006041527
-0.006005168
-0.006134510
-0.006013513
-0.006154180
-0.005956888
-0.006081462
-0.006216168
-0.005936623
-0.005804300
-0.006020069
-0.006390214
-0.005754232
-0.006368756
-0.006215572
-0.005578399
-0.006471872
-0.005722642
-0.006065369
-0.006332994
-0.005862713
-0.006304383
-0.005862713
-0.006021261
-0.006021261
-0.005977154
-0.006223917
-0.006009936
-0.006142855
-0.005978942
-0.006039739
-0.006121397
-0.005971193
-0.006148815
-0.006030202
-0.006068349
-0.006029010
-0.005977154
-0.006112456
-0.006029010
-0.006146431
-0.005972385
-0.006032586
-0.006065369
-0.005944371
-0.006168485
-0.006053448
-0.006154776
-0.005977154
-0.005953908
-0.006120205
-0.005993247
-0.006130934
-0.006118417
-0.006187558
-0.005922318
-0.005956888
-0.006045103
-0.006052852
-0.006143451
-0.005742311
-0.006464720
-0.006135106
-0.005612373
-0.006431937
-0.005865693
-0.005953908
-0.006154776
-0.005997419
-0.006257296
-0.005934834
-0.006114244
-0.005953908
-0.005967021
-0.006129742
-0.006023049
-0.006209016
-0.006017685
-0.006071329
-0.006013513
-0.006043315
-0.006074309
-0.006068349
-0.006114841
-0.006074905
-0.006126761
-0.005819201
-0.006210804
-0.006005764
-0.005899072
-0.006319284
-0.005816221
-0.006188750
-0.006170869
-0.005940795
-0.006164908
-0.006023645
-0.006065965
-0.005996823
-0.006098151
-0.006057620
-0.006067157
-0.006064773
-0.006018281
-0.006092787
-0.006037354
-0.006222129
-0.006066561
-0.005916953
-0.005970001
-0.006199479
-0.006012917
-0.005879402
-0.006362796
-0.005938411
-0.006034970
-0.006124973
-0.005928874
-0.006211996
-0.005903244
-0.006154180
-0.006136894
-0.005923510
-0.006161332
-0.005968809
-0.006059408
-0.006040931
-0.006000996
-0.006123185
-0.006028414
-0.006086230
-0.006015897
-0.006008744
-0.006074905
-0.006054044
-0.006056428
-0.006095767
-0.006097555
-0.006027222
-0.006078482
-0.005973577
-0.006071329
-0.006078482
-0.006051660
-0.006112456
-0.006028414
-0.006110072
-0.005926490
-0.006058812
-0.006101131
-0.006004572
-0.006134510
-0.005970597
-0.006041527
-0.006025434
-0.006186962
-0.006031990
-0.005577207
-0.006433129
-0.006209016
-0.005617738
-0.006255507
-0.006166697
-0.005853176
-0.005816221
-0.006505251
-0.005927682
-0.005946159
-0.006549954
-0.005432367
-0.006082654
-0.006068349
-0.006066561
-0.006291270
-0.005727410
-0.006308556
-0.005869865
-0.005964041
-0.006207824
-0.005919933
-0.006244183
-0.005974770
-0.005995631
-0.006095767
-0.005950928
-0.006119609
-0.006014109
-0.006120205
-0.006135702
-0.005891919
-0.006140471
-0.006014109
-0.005956292
-0.006097555
-0.006024837
-0.006169081
-0.005999804
-0.006040931
-0.006014705
-0.005956888
-0.006090999
-0.006012321
-0.006241798
-0.005800128
-0.006012917
-0.006359816
-0.005701780
-0.006262660
-0.006150603
-0.005845428
-0.006205440
-0.005872250
-0.006120801
-0.006107092
-0.005935431
-0.006138086
-0.005960464
-0.006071925
-0.006101131
-0.005979538
-0.006123185
-0.006017089
-0.006034374
-0.006079674
-0.006012917
-0.006118417
-0.006026030
-0.006077886
-0.006088614
-0.005983114
-0.006056428
-0.006005168
-0.006053448
-0.006062388
-0.006033778
-0.006120205
-0.005981922
-0.006110668
-0.005984902
-0.006088614
-0.006083846
-0.006067157
-0.006515384
-0.005208254
-0.006470680
-0.006402135
-0.005128384
-0.007007122
-0.005467534
-0.005955696
-0.006501675
-0.005735755
-0.006233454
-0.005812049
-0.006366968
-0.005750656
-0.006355643
-0.005916357
-0.005931854
-0.006515384
-0.005556345
-0.006248951
-0.005801916
-0.006328225
-0.006149411
-0.005765557
-0.006201863
-0.005715489
-0.006425381
-0.006026030
-0.005978346
-0.006328821
-0.005733371
-0.006185770
-0.006525517
-0.005108118
-0.006345510
-0.006854534
-0.004811287
-0.007028580
-0.005760193
-0.005460978
-0.006836057
-0.005022287
-0.007137060
-0.006096363
-0.005453825
-0.006496906
-0.005686283
-0.006336570
-0.005744696
-0.006243587
-0.006200075
-0.005828142
-0.006198883
-0.005738139
-0.006270409
-0.006162524
-0.005928874
-0.006196499
-0.005934238
-0.006052256
-0.006097555
-0.006031394
-0.006113648
-0.006019473
-0.006154776
-0.005875230
-0.006155372
-0.005981326
-0.006189346
-0.006426573
-0.005154610
-0.006812811
-0.005919933
-0.005423427
-0.006933808
-0.005394220
-0.006442666
-0.006005764
-0.005906224
-0.006434917
-0.005586147
-0.006346703
-0.005824566
-0.006144047
-0.006189942
-0.005912781
-0.006244779
-0.005922914
-0.006104112
-0.006027222
-0.006003976
-0.006077886
-0.006024241
-0.006020665
-0.006061196
-0.006108284
-0.005912185
-0.006430745
-0.006238222
-0.005109310
-0.006623864
-0.006502867
-0.005179048
-0.006652474
-0.005924106
-0.005859137
-0.006265640
-0.005550981
-0.006488562
-0.005946159
-0.005999804
-0.006305575
-0.005770326
-0.006282330
-0.005728006
-0.006294847
-0.005940199
-0.005987287
-0.006368756
-0.005490184
-0.006706715
-0.004898310
-0.008351803
-0.004814863
-0.003828406
-0.010823607
-0.001574755
-0.007671714
-0.007722974
-0.002532601
-0.009636879
-0.003322363
-0.007354021
-0.006733537
-0.004263520
-0.007959008
-0.004496574
-0.006884933
-0.005942583
-0.005845428
-0.006511211
-0.005456805
-0.006493330
-0.005704761
-0.006361604
-0.006026030
-0.006049275
-0.006206036
-0.005773902
-0.006170869
-0.005878806
-0.006217360
-0.005961061
-0.006282330
-0.006112456
-0.005685687
-0.006430149
-0.005785227
-0.006177425
-0.006191730
-0.005885959
-0.006281734
-0.005798936
-0.006132722
-0.006037354
-0.006020665
-0.006200075
-0.005951524
-0.006149411
-0.005958676
-0.006029010
-0.006136894
-0.006080270
-0.006125569
-0.006034374
-0.006048083
-0.005971789
-0.006025434
-0.006021857
-0.006107688
-0.006215572
-0.006067753
-0.005885363
-0.006064773
-0.006191730
-0.005841851
-0.006182194
-0.006229877
-0.005985498
-0.006073117
-0.005959868
-0.006083846
-0.006033778
-0.006079078
-0.006068945
-0.006062984
-0.006061792
-0.005977154
-0.006169677
-0.006002784
-0.006057620
-0.006098151
-0.005999804
-0.006073117
-0.006006956
-0.006093979
-0.006034374
-0.006061792
-0.006084442
-0.006039143
-0.006052256
-0.006007552
-0.006061196
-0.005983710
-0.006031394
-0.006067157
-0.006093979
-0.006066561
-0.006079674
-0.006102920
-0.005949140
-0.006129146
-0.005957484
-0.006044507
-0.006129742
-0.005952716
-0.006214976
-0.005962253
-0.006093979
-0.006022453
-0.006003380
-0.006155968
-0.006042123
-0.006362796
-0.005554557
-0.006149411
-0.006381273
-0.005573630
-0.006479025
-0.005944967
-0.006027818
-0.006172657
-0.005694628
-0.006314516
-0.006021857
-0.006027222
-0.006142855
-0.005975962
-0.006039143
-0.005990267
-0.006095767
-0.006104708
-0.006096959
-0.006100535
-0.006051064
-0.006015897
-0.006028414
-0.006021261
-0.006077886
-0.006099939
-0.006055236
-0.006085038
-0.006049871
-0.006040335
-0.006045699
-0.006034374
-0.006099939
-0.006085634
-0.006014109
-0.006065369
-0.006049871
-0.006027222
-0.006117225
-0.006107092
-0.006088018
-0.006061196
-0.005999207
-0.006040931
-0.006031394
-0.006060600
-0.006108880
-0.006049275
-0.006073117
-0.006009936
-0.006048083
-0.006046891
-0.006031394
-0.006121993
-0.005987883
-0.006059408
-0.006015301
-0.006043315
-0.006137490
-0.006152391
-0.006110072
-0.005947351
-0.006200075
-0.005909204
-0.005988479
-0.006143451
-0.005900264
-0.006237030
-0.005946755
-0.006104708
-0.006138086
-0.005869865
-0.006153584
-0.005952120
-0.006079674
-0.006049871
-0.006071329
-0.006158948
-0.005913973
-0.006034970
-0.005979538
